# Created by Octave 5.1.0, Mon Sep 30 15:54:04 2019 CEST <jakub@arc1w>
# name: Problem
# type: scalar struct
# ndims: 2
 1 1
# length: 4
# name: A
# type: sparse matrix
# nnz: 49500
# rows: 10000
# columns: 10000
1 1 33.600684312237533
2 1 -16.69204042786593
201 1 -0.10607789786910411
1 2 -16.69204042786593
2 2 33.587263293510212
3 2 -16.68315181937308
202 2 -0.10603552313559755
2 3 -16.68315181937308
3 3 33.564917431019197
4 3 -16.669835672381485
203 3 -0.10596496963231289
3 4 -16.669835672381485
4 4 33.533680418536136
5 4 -16.652112058653067
204 4 -0.10586634375078968
4 5 -16.652112058653067
5 5 33.493599308959368
6 5 -16.630007662175625
205 5 -0.10573979406533685
5 6 -16.630007662175625
6 6 33.444734396487249
7 6 -16.603555712389756
206 6 -0.10558551096093984
6 7 -16.603555712389756
7 7 33.387159065916769
8 7 -16.572795901212313
207 7 -0.10540372615735054
7 8 -16.572795901212313
8 8 33.320959609654174
9 8 -16.537774284179431
208 8 -0.10519471213121395
8 9 -16.537774284179431
9 9 33.246235013149153
10 9 -16.498543166092762
209 9 -0.10495878143847726
9 10 -16.498543166092762
10 10 33.163096709584039
11 10 -16.455160971611857
210 10 -0.10469628593970877
10 11 -16.455160971611857
11 11 33.071668304766618
12 11 -16.407692101292117
211 11 -0.10440761593132185
11 12 -16.407692101292117
12 12 32.972085273286105
13 12 -16.356206773621892
212 12 -0.10409319918605034
12 13 -16.356206773621892
13 13 32.864494627098502
14 13 -16.300780853663891
213 13 -0.10375349990635907
13 14 -16.300780853663891
14 14 32.749054557807575
15 14 -16.241495668954109
214 14 -0.10338901759478764
14 15 -16.241495668954109
15 15 32.625934054001917
16 15 -16.178437813356748
215 15 -0.10300028584552555
15 16 -16.178437813356748
16 16 32.495312495095341
17 16 -16.11169893961501
216 16 -0.10258787106178818
16 17 -16.11169893961501
17 17 32.357379223198265
18 17 -16.041375541375622
217 17 -0.10215237110381896
17 18 -16.041375541375622
18 18 32.212333094619716
19 18 -15.967568725498955
218 18 -0.10169441387256958
18 19 -15.967568725498955
19 19 32.060382012664128
20 19 -15.890383975496542
219 19 -0.10121465583431438
19 20 -15.890383975496542
20 20 31.901742443443723
21 20 -15.809930906963912
220 20 -0.10071378049163301
20 21 -15.809930906963912
21 21 31.73663891647492
22 21 -15.726323015898314
221 21 -0.10019249680634683
21 22 -15.726323015898314
22 22 31.56530351186689
23 22 -15.63967742080834
222 22 -0.099651537580119409
22 23 -15.63967742080834
23 23 31.387975335941064
24 23 -15.550114599535668
223 23 -0.099091657798528326
23 24 -15.550114599535668
24 24 31.204899987142628
25 24 -15.457758121717987
224 24 -0.098513632944485979
24 25 -15.457758121717987
25 25 31.01632901411838
26 25 -15.362734377826538
225 25 -0.097918257286928517
25 26 -15.362734377826538
26 26 30.82251936784003
27 26 -15.265172305712076
226 26 -0.097306342150707714
26 27 -15.265172305712076
27 27 30.6237328496481
28 27 -15.165203115588804
227 27 -0.096678714173607724
27 28 -15.165203115588804
28 28 30.420235557079383
29 28 -15.062960014377838
228 28 -0.096036213556369918
28 29 -15.062960014377838
29 29 30.212297329320073
30 29 -14.958577930319148
229 29 -0.095379692311543543
29 30 -14.958577930319148
30 30 30.000191194097997
31 30 -14.852193238745068
230 30 -0.09471001251688918
30 31 -14.852193238745068
31 31 29.784192817791038
32 31 -14.743943489888077
231 31 -0.094028044578947062
31 32 -14.743943489888077
32 32 29.564579960484618
33 32 -14.633967139572057
232 32 -0.093334665512242634
32 33 -14.633967139572057
33 33 29.341631937659983
34 33 -14.522403283609044
233 33 -0.092630757239440351
33 34 -14.522403283609044
34 34 29.115629090137215
35 34 -14.409391396693019
234 34 -0.091917204917574311
34 35 -14.409391396693019
35 35 28.886852263832466
36 35 -14.295071076548886
235 35 -0.09119489529527984
35 36 -14.295071076548886
36 36 28.655582300818786
37 36 -14.179581794058441
236 36 -0.090464715105730051
36 37 -14.179581794058441
37 37 28.422099543104171
38 37 -14.063062650046247
237 37 -0.089727549499740905
37 38 -14.063062650046247
38 38 28.18668335045988
39 38 -13.945652139367128
238 38 -0.088984280523254661
38 39 -13.945652139367128
39 39 27.9496116335471
40 39 -13.827487922893686
239 39 -0.088235785643142481
39 40 -13.827487922893686
40 40 27.711160403500685
41 40 -13.708706607957028
240 40 -0.087482936324985577
40 41 -13.708706607957028
41 41 27.471603339036776
42 41 -13.589443537747345
241 41 -0.086726596666202971
41 42 -13.589443537747341
42 42 27.231211372055395
43 42 -13.469832590132865
242 42 -0.085967622087592788
42 43 -13.469832590132865
43 43 26.990252292611814
44 43 -13.35000598630686
243 43 -0.085206858086045223
43 44 -13.35000598630686
44 44 26.748990374031141
45 44 -13.230094109622533
244 44 -0.084445139050873572
44 45 -13.230094109622533
45 45 26.507686018839848
46 45 -13.11022533492554
245 45 -0.08368328714588899
45 46 -13.11022533492554
46 46 26.26659542608709
47 46 -12.990525868643489
246 46 -0.082922111259028763
46 47 -12.990525868643489
47 47 26.025970280526874
48 47 -12.871119599841334
247 47 -0.082162406021024328
47 48 -12.871119599841334
48 48 25.786057464031611
49 48 -12.752127962401719
248 48 -0.081404950894278627
48 49 -12.752127962401719
49 49 25.547098789507086
50 49 -12.633669808439755
249 49 -0.080650509332805459
49 50 -12.633669808439755
50 50 25.309330757480289
51 50 -12.515861293012993
250 50 -0.079899828013770852
50 51 -12.515861293012993
51 51 25.072984335434597
52 51 -12.398815770139864
251 51 -0.07915363614087155
51 52 -12.398815770139864
52 52 24.838284759872064
53 52 -12.28264370009323
252 52 -0.078412644819485885
52 53 -12.28264370009323
53 53 24.605451360990465
54 53 -12.167452567890749
253 53 -0.077677546503241449
53 54 -12.167452567890749
54 54 24.374697409773809
55 54 -12.053346812860331
254 54 -0.076949014511363267
54 55 -12.053346812860331
55 55 24.146229987209392
56 55 -11.940427769117267
255 55 -0.076227702615895745
55 56 -11.940427769117267
56 56 23.920249875262471
57 56 -11.828793616749936
256 56 -0.075514244697632613
56 57 -11.828793616749936
57 57 23.696951469161824
58 57 -11.718539343473203
257 57 -0.074809254469343528
57 58 -11.718539343473203
58 58 23.476522710475788
59 58 -11.609756716473278
258 58 -0.07411332526465314
58 59 -11.609756716473278
59 59 23.259145040389114
60 59 -11.502534264134416
259 59 -0.073427029890709927
59 60 -11.502534264134416
60 60 23.044993372526598
61 60 -11.396957267307025
260 60 -0.072750920542578784
60 61 -11.396957267307025
61 61 22.834236084609589
62 61 -11.293107759748363
261 61 -0.072085528777102323
61 62 -11.293107759748363
62 62 22.627035028176952
63 62 -11.191064537340981
262 62 -0.071431365543803596
62 63 -11.191064537340981
63 63 22.423545555552085
64 63 -11.090903175670611
263 63 -0.070788921270245567
63 64 -11.090903175670611
64 64 22.223916563193207
65 64 -10.99269605552435
264 64 -0.070158665999121808
64 65 -10.99269605552435
65 65 22.028290550524432
66 65 -10.896512395851623
265 65 -0.069541049574228214
65 66 -10.896512395851623
66 66 21.83680369331082
67 66 -10.80241829371448
266 66 -0.068936501872357184
66 67 -10.80241829371448
67 67 21.649585930611138
68 67 -10.710476770740536
267 67 -0.068345433078061985
67 68 -10.710476770740536
68 68 21.466761064317861
69 68 -10.620747825580995
268 68 -0.067768233998163493
68 69 -10.620747825580995
69 69 21.288446870274264
70 69 -10.533288491867649
269 69 -0.067205276412809239
69 70 -10.533288491867649
70 70 21.114755219944072
71 70 -10.448152901156728
270 70 -0.066656913459848602
70 71 -10.448152901156728
71 71 20.945792211598857
72 71 -10.365392350343614
271 71 -0.066123480049256625
71 72 -10.365392350343614
72 72 20.781658309983108
73 72 -10.28505537303085
272 72 -0.065605293304321674
72 73 -10.28505537303085
73 73 20.6224484934157
74 73 -10.207187814332235
273 73 -0.065102653026308521
73 74 -10.207187814332235
74 74 20.468252407289352
75 74 -10.131832908598481
274 74 -0.064615842179317762
74 75 -10.131832908598481
75 75 20.319154522936827
76 75 -10.059031359554174
275 75 -0.064145127392085041
75 76 -10.059031359554174
76 76 20.175234300843165
77 76 -9.988821422341994
276 76 -0.063690759473496478
76 77 -9.988821422341994
77 77 20.036566357197476
78 77 -9.9212389869782029
277 77 -0.063252973938642626
77 78 -9.9212389869781994
78 78 19.903220632795449
79 78 -9.8563176627326694
278 78 -0.062831991542287802
78 79 -9.8563176627326694
79 79 19.775262563324002
80 79 -9.7940888629579366
279 79 -0.062428018816696997
79 80 -9.7940888629579366
80 80 19.652753250083439
81 80 -9.7345818899038274
280 80 -0.062041248610836756
80 81 -9.7345818899038274
81 81 19.535749630227887
82 81 -9.6778240190679643
281 81 -0.061671860628048178
81 82 -9.6778240190679643
82 82 19.424304645633757
83 82 -9.6238405826470323
282 82 -0.061320021959380383
82 83 -9.6238405826470323
83 83 19.318467409536201
84 83 -9.5726550516694306
283 83 -0.060985887609869435
83 84 -9.5726550516694306
84 84 19.218283370106271
85 84 -9.5242891164065409
284 84 -0.060669601015149892
84 85 -9.5242891164065409
85 85 19.123794470175685
86 85 -9.4787627646773558
285 85 -0.060371294545895578
85 86 -9.4787627646773558
86 86 19.035039302352018
87 86 -9.4360943576792646
286 86 -0.060091089997697987
86 87 -9.4360943576792646
87 87 18.952053258804195
88 87 -9.3963007029967098
287 87 -0.059829099064109534
87 88 -9.3963007029967098
88 88 18.874868675036804
89 88 -9.3593971244586971
288 88 -0.059585423790699185
88 89 -9.3593971244586971
89 89 18.803514967010866
90 89 -9.3253975285359818
289 89 -0.059360157008092759
89 90 -9.3253975285359818
90 90 18.738018761009155
91 90 -9.2943144669889755
290 90 -0.059153382742097527
90 91 -9.2943144669889755
91 91 18.678404015685231
92 91 -9.2661591954979752
291 91 -0.058965176599140204
91 92 -9.2661591954979752
92 92 18.624692135776797
93 92 -9.2409417280280657
292 92 -0.058795606125378708
92 93 -9.2409417280280657
93 93 18.576902077006267
94 93 -9.21867088670224
293 93 -0.058644731137981167
93 94 -9.21867088670224
94 94 18.535050441733951
95 94 -9.1993543469773122
294 94 -0.058512604027200529
94 95 -9.1993543469773122
95 95 18.499151564972085
96 95 -9.1829986779387553
295 95 -0.058399270028007148
95 96 -9.1829986779387553
96 96 18.469217590411017
97 96 -9.1696093775519021
296 96 -0.058304767460179457
96 97 -9.1696093775519021
97 97 18.445258536152341
98 97 -9.1591909027286604
297 97 -0.058229127935888143
97 98 -9.1591909027286604
98 98 18.427282349886863
99 98 -9.1517466940903081
298 98 -0.05817237653394737
98 99 -9.1517466940903063
99 99 18.415294953299217
100 99 -9.1472791953288226
299 99 -0.05813453194004338
99 100 -9.1472791953288226
100 100 18.409300275524281
101 100 -9.1457898670906808
300 100 -0.058115606552388746
100 101 -9.1457898670906808
101 101 18.409300275524281
102 101 -9.1472791953288226
301 101 -0.058115606552388746
101 102 -9.1472791953288226
102 102 18.415294953299217
103 102 -9.1517466940903063
302 102 -0.05813453194004338
102 103 -9.1517466940903063
103 103 18.427282349886863
104 103 -9.1591909027286604
303 103 -0.05817237653394737
103 104 -9.1591909027286604
104 104 18.445258536152341
105 104 -9.1696093775519021
304 104 -0.058229127935888143
104 105 -9.1696093775519021
105 105 18.469217590411017
106 105 -9.1829986779387553
305 105 -0.058304767460179457
105 106 -9.1829986779387553
106 106 18.499151564972081
107 106 -9.1993543469773122
306 106 -0.058399270028007148
106 107 -9.1993543469773122
107 107 18.535050441733951
108 107 -9.21867088670224
307 107 -0.058512604027200529
107 108 -9.21867088670224
108 108 18.576902077006267
109 108 -9.2409417280280657
308 108 -0.058644731137981167
108 109 -9.2409417280280657
109 109 18.624692135776797
110 109 -9.2661591954979752
309 109 -0.058795606125378708
109 110 -9.2661591954979752
110 110 18.678404015685231
111 110 -9.2943144669889755
310 110 -0.058965176599140204
110 111 -9.2943144669889755
111 111 18.738018761009155
112 111 -9.3253975285359818
311 111 -0.059153382742097527
111 112 -9.3253975285359818
112 112 18.803514967010866
113 112 -9.3593971244586971
312 112 -0.059360157008092759
112 113 -9.3593971244586971
113 113 18.874868675036804
114 113 -9.3963007029967098
313 113 -0.059585423790699185
113 114 -9.3963007029967098
114 114 18.952053258804195
115 114 -9.4360943576792646
314 114 -0.059829099064109534
114 115 -9.4360943576792646
115 115 19.035039302352018
116 115 -9.4787627646773558
315 115 -0.060091089997697987
115 116 -9.4787627646773558
116 116 19.123794470175685
117 116 -9.5242891164065409
316 116 -0.060371294545895578
116 117 -9.5242891164065409
117 117 19.218283370106271
118 117 -9.5726550516694306
317 117 -0.060669601015149892
117 118 -9.5726550516694306
118 118 19.318467409536201
119 118 -9.6238405826470323
318 118 -0.060985887609869435
118 119 -9.6238405826470323
119 119 19.424304645633757
120 119 -9.6778240190679643
319 119 -0.061320021959380383
119 120 -9.6778240190679643
120 120 19.535749630227887
121 120 -9.7345818899038257
320 120 -0.061671860628048178
120 121 -9.7345818899038274
121 121 19.652753250083435
122 121 -9.7940888629579366
321 121 -0.062041248610836756
121 122 -9.7940888629579366
122 122 19.775262563323999
123 122 -9.8563176627326694
322 122 -0.062428018816696997
122 123 -9.8563176627326694
123 123 19.903220632795442
124 123 -9.9212389869781994
323 123 -0.062831991542287774
123 124 -9.9212389869781994
124 124 20.036566357197476
125 124 -9.988821422341994
324 124 -0.063252973938642626
124 125 -9.988821422341994
125 125 20.175234300843162
126 125 -10.059031359554174
325 125 -0.063690759473496478
125 126 -10.059031359554174
126 126 20.319154522936827
127 126 -10.131832908598481
326 126 -0.064145127392085041
126 127 -10.131832908598481
127 127 20.468252407289352
128 127 -10.207187814332235
327 127 -0.064615842179317762
127 128 -10.207187814332235
128 128 20.6224484934157
129 128 -10.28505537303085
328 128 -0.065102653026308521
128 129 -10.28505537303085
129 129 20.781658309983108
130 129 -10.365392350343614
329 129 -0.065605293304321674
129 130 -10.365392350343614
130 130 20.945792211598853
131 130 -10.448152901156728
330 130 -0.066123480049256625
130 131 -10.448152901156728
131 131 21.114755219944076
132 131 -10.533288491867649
331 131 -0.066656913459848602
131 132 -10.533288491867649
132 132 21.288446870274264
133 132 -10.620747825580995
332 132 -0.067205276412809239
132 133 -10.620747825580995
133 133 21.466761064317861
134 133 -10.710476770740536
333 133 -0.067768233998163493
133 134 -10.710476770740536
134 134 21.649585930611138
135 134 -10.80241829371448
334 134 -0.068345433078061985
134 135 -10.80241829371448
135 135 21.83680369331082
136 135 -10.896512395851623
335 135 -0.068936501872357184
135 136 -10.896512395851623
136 136 22.028290550524432
137 136 -10.99269605552435
336 136 -0.069541049574228214
136 137 -10.99269605552435
137 137 22.223916563193207
138 137 -11.090903175670611
337 137 -0.070158665999121808
137 138 -11.090903175670611
138 138 22.423545555552085
139 138 -11.191064537340981
338 138 -0.070788921270245567
138 139 -11.191064537340981
139 139 22.627035028176952
140 139 -11.293107759748363
339 139 -0.071431365543803596
139 140 -11.293107759748363
140 140 22.834236084609589
141 140 -11.396957267307025
340 140 -0.072085528777102323
140 141 -11.396957267307025
141 141 23.044993372526598
142 141 -11.502534264134416
341 141 -0.072750920542578784
141 142 -11.502534264134416
142 142 23.259145040389114
143 142 -11.609756716473278
342 142 -0.073427029890709927
142 143 -11.609756716473278
143 143 23.476522710475788
144 143 -11.7185393434732
343 143 -0.07411332526465314
143 144 -11.718539343473203
144 144 23.696951469161821
145 144 -11.828793616749934
344 144 -0.0748092544693435
144 145 -11.828793616749934
145 145 23.920249875262471
146 145 -11.940427769117267
345 145 -0.075514244697632613
145 146 -11.940427769117267
146 146 24.146229987209392
147 146 -12.05334681286033
346 146 -0.076227702615895745
146 147 -12.05334681286033
147 147 24.374697409773809
148 147 -12.167452567890749
347 147 -0.076949014511363267
147 148 -12.167452567890749
148 148 24.605451360990465
149 148 -12.28264370009323
348 148 -0.077677546503241449
148 149 -12.28264370009323
149 149 24.838284759872064
150 149 -12.398815770139864
349 149 -0.078412644819485885
149 150 -12.398815770139864
150 150 25.072984335434597
151 150 -12.515861293012993
350 150 -0.07915363614087155
150 151 -12.515861293012993
151 151 25.309330757480289
152 151 -12.633669808439755
351 151 -0.079899828013770852
151 152 -12.633669808439755
152 152 25.547098789507089
153 152 -12.752127962401719
352 152 -0.080650509332805459
152 153 -12.752127962401719
153 153 25.786057464031611
154 153 -12.871119599841334
353 153 -0.081404950894278627
153 154 -12.871119599841334
154 154 26.025970280526874
155 154 -12.990525868643482
354 154 -0.082162406021024328
154 155 -12.990525868643489
155 155 26.266595426087083
156 155 -13.11022533492554
355 155 -0.08292211125902875
155 156 -13.11022533492554
156 156 26.507686018839845
157 156 -13.230094109622529
356 156 -0.083683287145888977
156 157 -13.230094109622529
157 157 26.748990374031131
158 157 -13.350005986306854
357 157 -0.08444513905087353
157 158 -13.350005986306854
158 158 26.9902522926118
159 158 -13.469832590132858
358 158 -0.085206858086045195
158 159 -13.469832590132858
159 159 27.231211372055384
160 159 -13.589443537747341
359 159 -0.085967622087592732
159 160 -13.589443537747341
160 160 27.471603339036776
161 160 -13.708706607957028
360 160 -0.086726596666202971
160 161 -13.708706607957028
161 161 27.711160403500685
162 161 -13.827487922893686
361 161 -0.087482936324985577
161 162 -13.827487922893686
162 162 27.9496116335471
163 162 -13.945652139367128
362 162 -0.088235785643142481
162 163 -13.945652139367128
163 163 28.186683350459884
164 163 -14.063062650046247
363 163 -0.088984280523254661
163 164 -14.063062650046247
164 164 28.422099543104171
165 164 -14.179581794058441
364 164 -0.089727549499740905
164 165 -14.179581794058441
165 165 28.655582300818789
166 165 -14.295071076548886
365 165 -0.090464715105730051
165 166 -14.295071076548886
166 166 28.886852263832466
167 166 -14.409391396693019
366 166 -0.09119489529527984
166 167 -14.409391396693019
167 167 29.115629090137215
168 167 -14.522403283609044
367 167 -0.091917204917574311
167 168 -14.522403283609044
168 168 29.341631937659983
169 168 -14.633967139572057
368 168 -0.092630757239440351
168 169 -14.633967139572057
169 169 29.564579960484618
170 169 -14.743943489888077
369 169 -0.093334665512242634
169 170 -14.743943489888077
170 170 29.784192817791038
171 170 -14.852193238745068
370 170 -0.094028044578947062
170 171 -14.852193238745068
171 171 30.000191194097997
172 171 -14.958577930319148
371 171 -0.09471001251688918
171 172 -14.958577930319148
172 172 30.212297329320073
173 172 -15.062960014377838
372 172 -0.095379692311543543
172 173 -15.062960014377838
173 173 30.420235557079383
174 173 -15.165203115588804
373 173 -0.096036213556369918
173 174 -15.165203115588804
174 174 30.6237328496481
175 174 -15.265172305712076
374 174 -0.096678714173607724
174 175 -15.265172305712076
175 175 30.82251936784003
176 175 -15.362734377826538
375 175 -0.097306342150707714
175 176 -15.362734377826538
176 176 31.016329014118377
177 176 -15.457758121717987
376 176 -0.097918257286928517
176 177 -15.457758121717987
177 177 31.204899987142628
178 177 -15.550114599535668
377 177 -0.098513632944485979
177 178 -15.550114599535668
178 178 31.387975335941064
179 178 -15.63967742080834
378 178 -0.099091657798528326
178 179 -15.63967742080834
179 179 31.56530351186689
180 179 -15.726323015898314
379 179 -0.099651537580119409
179 180 -15.726323015898314
180 180 31.73663891647492
181 180 -15.809930906963912
380 180 -0.10019249680634683
180 181 -15.809930906963912
181 181 31.901742443443723
182 181 -15.890383975496542
381 181 -0.10071378049163301
181 182 -15.890383975496542
182 182 32.060382012664128
183 182 -15.967568725498955
382 182 -0.10121465583431438
182 183 -15.967568725498955
183 183 32.212333094619716
184 183 -16.041375541375622
383 183 -0.10169441387256958
183 184 -16.041375541375622
184 184 32.357379223198265
185 184 -16.11169893961501
384 184 -0.10215237110381896
184 185 -16.11169893961501
185 185 32.495312495095341
186 185 -16.178437813356748
385 185 -0.10258787106178818
185 186 -16.178437813356748
186 186 32.625934054001917
187 186 -16.241495668954109
386 186 -0.10300028584552555
186 187 -16.241495668954109
187 187 32.749054557807575
188 187 -16.300780853663888
387 187 -0.10338901759478764
187 188 -16.300780853663888
188 188 32.864494627098495
189 188 -16.356206773621889
388 188 -0.10375349990635901
188 189 -16.356206773621889
189 189 32.972085273286105
190 189 -16.407692101292117
389 189 -0.10409319918605034
189 190 -16.407692101292117
190 190 33.071668304766618
191 190 -16.455160971611857
390 190 -0.10440761593132185
190 191 -16.455160971611857
191 191 33.163096709584039
192 191 -16.498543166092762
391 191 -0.10469628593970877
191 192 -16.498543166092762
192 192 33.246235013149146
193 192 -16.537774284179431
392 192 -0.10495878143847726
192 193 -16.537774284179431
193 193 33.320959609654182
194 193 -16.572795901212313
393 193 -0.10519471213121395
193 194 -16.572795901212313
194 194 33.387159065916769
195 194 -16.603555712389756
394 194 -0.10540372615735054
194 195 -16.603555712389756
195 195 33.444734396487256
196 195 -16.630007662175625
395 195 -0.10558551096093984
195 196 -16.630007662175625
196 196 33.493599308959375
197 196 -16.652112058653074
396 196 -0.10573979406533687
196 197 -16.652112058653074
197 197 33.533680418536143
198 197 -16.669835672381485
397 197 -0.10586634375078971
197 198 -16.669835672381492
198 198 33.564917431019197
199 198 -16.68315181937308
398 198 -0.10596496963231289
198 199 -16.68315181937308
199 199 33.587263293510205
200 199 -16.69204042786593
399 199 -0.10603552313559755
199 200 -16.69204042786593
200 200 33.60068431223754
400 200 -0.10607789786910411
1 201 -0.10607789786910411
201 201 33.600684312237533
202 201 -16.69204042786593
401 201 -0.10607789786910411
2 202 -0.10603552313559755
201 202 -16.69204042786593
202 202 33.587263293510212
203 202 -16.68315181937308
402 202 -0.10603552313559755
3 203 -0.10596496963231289
202 203 -16.68315181937308
203 203 33.564917431019197
204 203 -16.669835672381485
403 203 -0.10596496963231289
4 204 -0.10586634375078968
203 204 -16.669835672381485
204 204 33.533680418536136
205 204 -16.652112058653067
404 204 -0.10586634375078968
5 205 -0.10573979406533685
204 205 -16.652112058653067
205 205 33.493599308959368
206 205 -16.630007662175625
405 205 -0.10573979406533685
6 206 -0.10558551096093984
205 206 -16.630007662175625
206 206 33.444734396487249
207 206 -16.603555712389756
406 206 -0.10558551096093984
7 207 -0.10540372615735054
206 207 -16.603555712389756
207 207 33.387159065916769
208 207 -16.572795901212313
407 207 -0.10540372615735054
8 208 -0.10519471213121395
207 208 -16.572795901212313
208 208 33.320959609654174
209 208 -16.537774284179431
408 208 -0.10519471213121395
9 209 -0.10495878143847726
208 209 -16.537774284179431
209 209 33.246235013149153
210 209 -16.498543166092762
409 209 -0.10495878143847726
10 210 -0.10469628593970877
209 210 -16.498543166092762
210 210 33.163096709584039
211 210 -16.455160971611857
410 210 -0.10469628593970877
11 211 -0.10440761593132185
210 211 -16.455160971611857
211 211 33.071668304766618
212 211 -16.407692101292117
411 211 -0.10440761593132185
12 212 -0.10409319918605034
211 212 -16.407692101292117
212 212 32.972085273286105
213 212 -16.356206773621892
412 212 -0.10409319918605034
13 213 -0.10375349990635907
212 213 -16.356206773621892
213 213 32.864494627098502
214 213 -16.300780853663891
413 213 -0.10375349990635907
14 214 -0.10338901759478764
213 214 -16.300780853663891
214 214 32.749054557807575
215 214 -16.241495668954109
414 214 -0.10338901759478764
15 215 -0.10300028584552555
214 215 -16.241495668954109
215 215 32.625934054001917
216 215 -16.178437813356748
415 215 -0.10300028584552555
16 216 -0.10258787106178818
215 216 -16.178437813356748
216 216 32.495312495095341
217 216 -16.11169893961501
416 216 -0.10258787106178818
17 217 -0.10215237110381896
216 217 -16.11169893961501
217 217 32.357379223198265
218 217 -16.041375541375622
417 217 -0.10215237110381896
18 218 -0.10169441387256958
217 218 -16.041375541375622
218 218 32.212333094619716
219 218 -15.967568725498955
418 218 -0.10169441387256958
19 219 -0.10121465583431438
218 219 -15.967568725498955
219 219 32.060382012664128
220 219 -15.890383975496542
419 219 -0.10121465583431438
20 220 -0.10071378049163301
219 220 -15.890383975496542
220 220 31.901742443443723
221 220 -15.809930906963912
420 220 -0.10071378049163301
21 221 -0.10019249680634683
220 221 -15.809930906963912
221 221 31.73663891647492
222 221 -15.726323015898314
421 221 -0.10019249680634683
22 222 -0.099651537580119409
221 222 -15.726323015898314
222 222 31.56530351186689
223 222 -15.63967742080834
422 222 -0.099651537580119409
23 223 -0.099091657798528326
222 223 -15.63967742080834
223 223 31.387975335941064
224 223 -15.550114599535668
423 223 -0.099091657798528326
24 224 -0.098513632944485979
223 224 -15.550114599535668
224 224 31.204899987142628
225 224 -15.457758121717987
424 224 -0.098513632944485979
25 225 -0.097918257286928517
224 225 -15.457758121717987
225 225 31.01632901411838
226 225 -15.362734377826538
425 225 -0.097918257286928517
26 226 -0.097306342150707714
225 226 -15.362734377826538
226 226 30.82251936784003
227 226 -15.265172305712076
426 226 -0.097306342150707714
27 227 -0.096678714173607724
226 227 -15.265172305712076
227 227 30.6237328496481
228 227 -15.165203115588804
427 227 -0.096678714173607724
28 228 -0.096036213556369918
227 228 -15.165203115588804
228 228 30.420235557079383
229 228 -15.062960014377838
428 228 -0.096036213556369918
29 229 -0.095379692311543543
228 229 -15.062960014377838
229 229 30.212297329320073
230 229 -14.958577930319148
429 229 -0.095379692311543543
30 230 -0.09471001251688918
229 230 -14.958577930319148
230 230 30.000191194097997
231 230 -14.852193238745068
430 230 -0.09471001251688918
31 231 -0.094028044578947062
230 231 -14.852193238745068
231 231 29.784192817791038
232 231 -14.743943489888077
431 231 -0.094028044578947062
32 232 -0.093334665512242634
231 232 -14.743943489888077
232 232 29.564579960484618
233 232 -14.633967139572057
432 232 -0.093334665512242634
33 233 -0.092630757239440351
232 233 -14.633967139572057
233 233 29.341631937659983
234 233 -14.522403283609044
433 233 -0.092630757239440351
34 234 -0.091917204917574311
233 234 -14.522403283609044
234 234 29.115629090137215
235 234 -14.409391396693019
434 234 -0.091917204917574311
35 235 -0.09119489529527984
234 235 -14.409391396693019
235 235 28.886852263832466
236 235 -14.295071076548886
435 235 -0.09119489529527984
36 236 -0.090464715105730051
235 236 -14.295071076548886
236 236 28.655582300818786
237 236 -14.179581794058441
436 236 -0.090464715105730051
37 237 -0.089727549499740905
236 237 -14.179581794058441
237 237 28.422099543104171
238 237 -14.063062650046247
437 237 -0.089727549499740905
38 238 -0.088984280523254661
237 238 -14.063062650046247
238 238 28.18668335045988
239 238 -13.945652139367128
438 238 -0.088984280523254661
39 239 -0.088235785643142481
238 239 -13.945652139367128
239 239 27.9496116335471
240 239 -13.827487922893686
439 239 -0.088235785643142481
40 240 -0.087482936324985577
239 240 -13.827487922893686
240 240 27.711160403500685
241 240 -13.708706607957028
440 240 -0.087482936324985577
41 241 -0.086726596666202971
240 241 -13.708706607957028
241 241 27.471603339036776
242 241 -13.589443537747345
441 241 -0.086726596666202971
42 242 -0.085967622087592788
241 242 -13.589443537747341
242 242 27.231211372055395
243 242 -13.469832590132865
442 242 -0.085967622087592788
43 243 -0.085206858086045223
242 243 -13.469832590132865
243 243 26.990252292611814
244 243 -13.35000598630686
443 243 -0.085206858086045223
44 244 -0.084445139050873572
243 244 -13.35000598630686
244 244 26.748990374031141
245 244 -13.230094109622533
444 244 -0.084445139050873572
45 245 -0.08368328714588899
244 245 -13.230094109622533
245 245 26.507686018839848
246 245 -13.11022533492554
445 245 -0.08368328714588899
46 246 -0.082922111259028763
245 246 -13.11022533492554
246 246 26.26659542608709
247 246 -12.990525868643489
446 246 -0.082922111259028763
47 247 -0.082162406021024328
246 247 -12.990525868643489
247 247 26.025970280526874
248 247 -12.871119599841334
447 247 -0.082162406021024328
48 248 -0.081404950894278627
247 248 -12.871119599841334
248 248 25.786057464031611
249 248 -12.752127962401719
448 248 -0.081404950894278627
49 249 -0.080650509332805459
248 249 -12.752127962401719
249 249 25.547098789507086
250 249 -12.633669808439755
449 249 -0.080650509332805459
50 250 -0.079899828013770852
249 250 -12.633669808439755
250 250 25.309330757480289
251 250 -12.515861293012993
450 250 -0.079899828013770852
51 251 -0.07915363614087155
250 251 -12.515861293012993
251 251 25.072984335434597
252 251 -12.398815770139864
451 251 -0.07915363614087155
52 252 -0.078412644819485885
251 252 -12.398815770139864
252 252 24.838284759872064
253 252 -12.28264370009323
452 252 -0.078412644819485885
53 253 -0.077677546503241449
252 253 -12.28264370009323
253 253 24.605451360990465
254 253 -12.167452567890749
453 253 -0.077677546503241449
54 254 -0.076949014511363267
253 254 -12.167452567890749
254 254 24.374697409773809
255 254 -12.053346812860331
454 254 -0.076949014511363267
55 255 -0.076227702615895745
254 255 -12.053346812860331
255 255 24.146229987209392
256 255 -11.940427769117267
455 255 -0.076227702615895745
56 256 -0.075514244697632613
255 256 -11.940427769117267
256 256 23.920249875262471
257 256 -11.828793616749936
456 256 -0.075514244697632613
57 257 -0.074809254469343528
256 257 -11.828793616749936
257 257 23.696951469161824
258 257 -11.718539343473203
457 257 -0.074809254469343528
58 258 -0.07411332526465314
257 258 -11.718539343473203
258 258 23.476522710475788
259 258 -11.609756716473278
458 258 -0.07411332526465314
59 259 -0.073427029890709927
258 259 -11.609756716473278
259 259 23.259145040389114
260 259 -11.502534264134416
459 259 -0.073427029890709927
60 260 -0.072750920542578784
259 260 -11.502534264134416
260 260 23.044993372526598
261 260 -11.396957267307025
460 260 -0.072750920542578784
61 261 -0.072085528777102323
260 261 -11.396957267307025
261 261 22.834236084609589
262 261 -11.293107759748363
461 261 -0.072085528777102323
62 262 -0.071431365543803596
261 262 -11.293107759748363
262 262 22.627035028176952
263 262 -11.191064537340981
462 262 -0.071431365543803596
63 263 -0.070788921270245567
262 263 -11.191064537340981
263 263 22.423545555552085
264 263 -11.090903175670611
463 263 -0.070788921270245567
64 264 -0.070158665999121808
263 264 -11.090903175670611
264 264 22.223916563193207
265 264 -10.99269605552435
464 264 -0.070158665999121808
65 265 -0.069541049574228214
264 265 -10.99269605552435
265 265 22.028290550524432
266 265 -10.896512395851623
465 265 -0.069541049574228214
66 266 -0.068936501872357184
265 266 -10.896512395851623
266 266 21.83680369331082
267 266 -10.80241829371448
466 266 -0.068936501872357184
67 267 -0.068345433078061985
266 267 -10.80241829371448
267 267 21.649585930611138
268 267 -10.710476770740536
467 267 -0.068345433078061985
68 268 -0.067768233998163493
267 268 -10.710476770740536
268 268 21.466761064317861
269 268 -10.620747825580995
468 268 -0.067768233998163493
69 269 -0.067205276412809239
268 269 -10.620747825580995
269 269 21.288446870274264
270 269 -10.533288491867649
469 269 -0.067205276412809239
70 270 -0.066656913459848602
269 270 -10.533288491867649
270 270 21.114755219944072
271 270 -10.448152901156728
470 270 -0.066656913459848602
71 271 -0.066123480049256625
270 271 -10.448152901156728
271 271 20.945792211598857
272 271 -10.365392350343614
471 271 -0.066123480049256625
72 272 -0.065605293304321674
271 272 -10.365392350343614
272 272 20.781658309983108
273 272 -10.28505537303085
472 272 -0.065605293304321674
73 273 -0.065102653026308521
272 273 -10.28505537303085
273 273 20.6224484934157
274 273 -10.207187814332235
473 273 -0.065102653026308521
74 274 -0.064615842179317762
273 274 -10.207187814332235
274 274 20.468252407289352
275 274 -10.131832908598481
474 274 -0.064615842179317762
75 275 -0.064145127392085041
274 275 -10.131832908598481
275 275 20.319154522936827
276 275 -10.059031359554174
475 275 -0.064145127392085041
76 276 -0.063690759473496478
275 276 -10.059031359554174
276 276 20.175234300843165
277 276 -9.988821422341994
476 276 -0.063690759473496478
77 277 -0.063252973938642626
276 277 -9.988821422341994
277 277 20.036566357197476
278 277 -9.9212389869782029
477 277 -0.063252973938642626
78 278 -0.062831991542287802
277 278 -9.9212389869781994
278 278 19.903220632795449
279 278 -9.8563176627326694
478 278 -0.062831991542287802
79 279 -0.062428018816696997
278 279 -9.8563176627326694
279 279 19.775262563324002
280 279 -9.7940888629579366
479 279 -0.062428018816696997
80 280 -0.062041248610836756
279 280 -9.7940888629579366
280 280 19.652753250083439
281 280 -9.7345818899038274
480 280 -0.062041248610836756
81 281 -0.061671860628048178
280 281 -9.7345818899038274
281 281 19.535749630227887
282 281 -9.6778240190679643
481 281 -0.061671860628048178
82 282 -0.061320021959380383
281 282 -9.6778240190679643
282 282 19.424304645633757
283 282 -9.6238405826470323
482 282 -0.061320021959380383
83 283 -0.060985887609869435
282 283 -9.6238405826470323
283 283 19.318467409536201
284 283 -9.5726550516694306
483 283 -0.060985887609869435
84 284 -0.060669601015149892
283 284 -9.5726550516694306
284 284 19.218283370106271
285 284 -9.5242891164065409
484 284 -0.060669601015149892
85 285 -0.060371294545895578
284 285 -9.5242891164065409
285 285 19.123794470175685
286 285 -9.4787627646773558
485 285 -0.060371294545895578
86 286 -0.060091089997697987
285 286 -9.4787627646773558
286 286 19.035039302352018
287 286 -9.4360943576792646
486 286 -0.060091089997697987
87 287 -0.059829099064109534
286 287 -9.4360943576792646
287 287 18.952053258804195
288 287 -9.3963007029967098
487 287 -0.059829099064109534
88 288 -0.059585423790699185
287 288 -9.3963007029967098
288 288 18.874868675036804
289 288 -9.3593971244586971
488 288 -0.059585423790699185
89 289 -0.059360157008092759
288 289 -9.3593971244586971
289 289 18.803514967010866
290 289 -9.3253975285359818
489 289 -0.059360157008092759
90 290 -0.059153382742097527
289 290 -9.3253975285359818
290 290 18.738018761009155
291 290 -9.2943144669889755
490 290 -0.059153382742097527
91 291 -0.058965176599140204
290 291 -9.2943144669889755
291 291 18.678404015685231
292 291 -9.2661591954979752
491 291 -0.058965176599140204
92 292 -0.058795606125378708
291 292 -9.2661591954979752
292 292 18.624692135776797
293 292 -9.2409417280280657
492 292 -0.058795606125378708
93 293 -0.058644731137981167
292 293 -9.2409417280280657
293 293 18.576902077006267
294 293 -9.21867088670224
493 293 -0.058644731137981167
94 294 -0.058512604027200529
293 294 -9.21867088670224
294 294 18.535050441733951
295 294 -9.1993543469773122
494 294 -0.058512604027200529
95 295 -0.058399270028007148
294 295 -9.1993543469773122
295 295 18.499151564972085
296 295 -9.1829986779387553
495 295 -0.058399270028007148
96 296 -0.058304767460179457
295 296 -9.1829986779387553
296 296 18.469217590411017
297 296 -9.1696093775519021
496 296 -0.058304767460179457
97 297 -0.058229127935888143
296 297 -9.1696093775519021
297 297 18.445258536152341
298 297 -9.1591909027286604
497 297 -0.058229127935888143
98 298 -0.05817237653394737
297 298 -9.1591909027286604
298 298 18.427282349886863
299 298 -9.1517466940903081
498 298 -0.05817237653394737
99 299 -0.05813453194004338
298 299 -9.1517466940903063
299 299 18.415294953299217
300 299 -9.1472791953288226
499 299 -0.05813453194004338
100 300 -0.058115606552388746
299 300 -9.1472791953288226
300 300 18.409300275524281
301 300 -9.1457898670906808
500 300 -0.058115606552388746
101 301 -0.058115606552388746
300 301 -9.1457898670906808
301 301 18.409300275524281
302 301 -9.1472791953288226
501 301 -0.058115606552388746
102 302 -0.05813453194004338
301 302 -9.1472791953288226
302 302 18.415294953299217
303 302 -9.1517466940903063
502 302 -0.05813453194004338
103 303 -0.05817237653394737
302 303 -9.1517466940903063
303 303 18.427282349886863
304 303 -9.1591909027286604
503 303 -0.05817237653394737
104 304 -0.058229127935888143
303 304 -9.1591909027286604
304 304 18.445258536152341
305 304 -9.1696093775519021
504 304 -0.058229127935888143
105 305 -0.058304767460179457
304 305 -9.1696093775519021
305 305 18.469217590411017
306 305 -9.1829986779387553
505 305 -0.058304767460179457
106 306 -0.058399270028007148
305 306 -9.1829986779387553
306 306 18.499151564972081
307 306 -9.1993543469773122
506 306 -0.058399270028007148
107 307 -0.058512604027200529
306 307 -9.1993543469773122
307 307 18.535050441733951
308 307 -9.21867088670224
507 307 -0.058512604027200529
108 308 -0.058644731137981167
307 308 -9.21867088670224
308 308 18.576902077006267
309 308 -9.2409417280280657
508 308 -0.058644731137981167
109 309 -0.058795606125378708
308 309 -9.2409417280280657
309 309 18.624692135776797
310 309 -9.2661591954979752
509 309 -0.058795606125378708
110 310 -0.058965176599140204
309 310 -9.2661591954979752
310 310 18.678404015685231
311 310 -9.2943144669889755
510 310 -0.058965176599140204
111 311 -0.059153382742097527
310 311 -9.2943144669889755
311 311 18.738018761009155
312 311 -9.3253975285359818
511 311 -0.059153382742097527
112 312 -0.059360157008092759
311 312 -9.3253975285359818
312 312 18.803514967010866
313 312 -9.3593971244586971
512 312 -0.059360157008092759
113 313 -0.059585423790699185
312 313 -9.3593971244586971
313 313 18.874868675036804
314 313 -9.3963007029967098
513 313 -0.059585423790699185
114 314 -0.059829099064109534
313 314 -9.3963007029967098
314 314 18.952053258804195
315 314 -9.4360943576792646
514 314 -0.059829099064109534
115 315 -0.060091089997697987
314 315 -9.4360943576792646
315 315 19.035039302352018
316 315 -9.4787627646773558
515 315 -0.060091089997697987
116 316 -0.060371294545895578
315 316 -9.4787627646773558
316 316 19.123794470175685
317 316 -9.5242891164065409
516 316 -0.060371294545895578
117 317 -0.060669601015149892
316 317 -9.5242891164065409
317 317 19.218283370106271
318 317 -9.5726550516694306
517 317 -0.060669601015149892
118 318 -0.060985887609869435
317 318 -9.5726550516694306
318 318 19.318467409536201
319 318 -9.6238405826470323
518 318 -0.060985887609869435
119 319 -0.061320021959380383
318 319 -9.6238405826470323
319 319 19.424304645633757
320 319 -9.6778240190679643
519 319 -0.061320021959380383
120 320 -0.061671860628048178
319 320 -9.6778240190679643
320 320 19.535749630227887
321 320 -9.7345818899038257
520 320 -0.061671860628048178
121 321 -0.062041248610836756
320 321 -9.7345818899038274
321 321 19.652753250083435
322 321 -9.7940888629579366
521 321 -0.062041248610836756
122 322 -0.062428018816696997
321 322 -9.7940888629579366
322 322 19.775262563323999
323 322 -9.8563176627326694
522 322 -0.062428018816696997
123 323 -0.062831991542287774
322 323 -9.8563176627326694
323 323 19.903220632795442
324 323 -9.9212389869781994
523 323 -0.062831991542287774
124 324 -0.063252973938642626
323 324 -9.9212389869781994
324 324 20.036566357197476
325 324 -9.988821422341994
524 324 -0.063252973938642626
125 325 -0.063690759473496478
324 325 -9.988821422341994
325 325 20.175234300843162
326 325 -10.059031359554174
525 325 -0.063690759473496478
126 326 -0.064145127392085041
325 326 -10.059031359554174
326 326 20.319154522936827
327 326 -10.131832908598481
526 326 -0.064145127392085041
127 327 -0.064615842179317762
326 327 -10.131832908598481
327 327 20.468252407289352
328 327 -10.207187814332235
527 327 -0.064615842179317762
128 328 -0.065102653026308521
327 328 -10.207187814332235
328 328 20.6224484934157
329 328 -10.28505537303085
528 328 -0.065102653026308521
129 329 -0.065605293304321674
328 329 -10.28505537303085
