# Created by Octave 5.1.0, Mon Sep 30 15:56:21 2019 CEST <jakub@arc1w>
# name: Problem
# type: scalar struct
# ndims: 2
 1 1
# length: 4
# name: A
# type: sparse matrix
# nnz: 49150
# rows: 10000
# columns: 10000
1 1 130.73370024128704
2 1 -65.337552293534131
401 1 -0.027110499441816822
1 2 -65.337552293534131
2 2 130.72057249011741
3 2 -65.328804642495484
402 2 -0.027107777043895456
2 3 -65.328804642495484
3 3 130.69869843818753
4 3 -65.315687313968994
403 3 -0.027103240861542529
3 4 -65.315687313968994
4 4 130.66808638185915
5 4 -65.29820528265958
404 4 -0.027096892615271422
4 5 -65.29820528265958
5 5 130.62874792870622
6 5 -65.276365176622107
405 5 -0.027088734712280248
5 6 -65.276365176622107
6 6 130.58069799019233
7 6 -65.250175273080387
406 6 -0.027078770244933187
6 7 -65.250175273080387
7 7 130.52395477226676
8 7 -65.219645493208731
407 7 -0.027067002988810217
7 8 -65.219645493208731
8 8 130.45853976389026
9 8 -65.184787395880861
408 8 -0.027053437400327555
8 9 -65.184787395880861
9 9 130.38447772350159
10 9 -65.145614170392875
409 9 -0.027038078613930941
9 10 -65.145614170392875
10 10 130.30179666343739
11 10 -65.102140628166765
410 10 -0.027020932438864498
10 11 -65.102140628166765
11 11 130.21052783232091
12 11 -65.054383193443101
411 11 -0.027002005355518419
11 12 -65.054383193443101
12 12 130.11070569543767
13 12 -65.002359892971853
412 12 -0.026981304511359074
12 13 -65.002359892971853
13 13 130.00236791311593
14 13 -64.946090344711195
413 13 -0.02695883771644543
13 14 -64.946090344711195
14 14 129.88555531713411
15 14 -64.885595745545814
414 14 -0.026934613438536179
14 15 -64.885595745545814
15 15 129.76031188517763
16 15 -64.820898858036244
415 15 -0.02690864079779251
15 16 -64.820898858036244
16 16 129.62668471337082
17 16 -64.752023996212401
416 16 -0.026880929561081415
16 17 -64.752023996212401
17 17 129.48472398690939
18 17 -64.678997010425192
417 17 -0.026851490135885375
17 18 -64.678997010425192
18 18 129.33448294882345
19 18 -64.601845271270619
418 18 -0.026820333563824114
18 19 -64.601845271270619
19 19 129.17601786690054
20 19 -64.520597652602305
419 19 -0.026787471513794851
19 20 -64.520597652602305
20 20 129.00938799880049
21 20 -64.435284513648725
420 20 -0.02675291627473763
20 21 -64.435284513648725
21 21 128.83465555539735
22 21 -64.345937680252533
421 21 -0.026716680748032781
21 22 -64.345937680252533
22 22 128.65188566238149
23 22 -64.252590425249892
422 22 -0.026678778439537799
22 23 -64.252590425249892
23 23 128.46114632016142
24 23 -64.15527744800896
423 23 -0.026639223451271385
23 24 -64.15527744800896
24 24 128.26250836210141
25 24 -64.054034853146931
424 24 -0.026598030472752526
24 25 -64.054034853146931
25 25 128.05604541113729
26 25 -63.94890012844634
425 25 -0.026555214772003139
25 26 -63.94890012844634
26 26 127.84183383481007
27 26 -63.839912121991297
426 26 -0.026510792186222605
26 27 -63.839912121991297
27 27 127.61995269876151
28 27 -63.727111018545905
427 27 -0.026464779112143341
27 28 -63.727111018545905
28 28 127.39048371873527
29 28 -63.610538315197218
428 28 -0.026417192496076502
28 29 -63.610538315197218
29 29 127.15351121112994
30 29 -63.490236796285409
429 29 -0.026368049823657255
29 30 -63.490236796285409
30 30 126.90912204214956
31 30 -63.366250507645567
430 30 -0.026317369109299282
30 31 -63.366250507645567
31 31 126.65740557560102
32 31 -63.238624730184725
431 31 -0.026265168885368648
31 32 -63.238624730184725
32 32 126.39845361938636
33 32 -63.10740595281947
432 32 -0.026211468191086971
32 33 -63.10740595281947
33 33 126.1323603707408
34 33 -62.972641844798993
433 33 -0.026156286561174538
33 34 -62.972641844798993
34 34 125.85922236026734
35 34 -62.834381227439856
434 34 -0.026099644014243795
34 35 -62.834381227439856
35 35 125.57913839482021
36 35 -62.692674045298446
435 35 -0.026041561040954148
35 36 -62.692674045298446
36 36 125.29220949929005
37 36 -62.547571336807735
436 36 -0.025982058591938955
36 37 -62.547571336807735
37 37 124.99853885734444
38 37 -62.399125204405692
437 37 -0.025921158065515912
37 38 -62.399125204405692
38 38 124.6982317511788
39 38 -62.247388784182725
438 38 -0.025858881295192208
38 39 -62.247388784182725
39 39 124.39139550033224
40 39 -62.092416215075559
439 39 -0.025795250536975765
39 40 -62.092416215075559
40 40 124.07813939962459
41 40 -61.934262607636029
440 40 -0.025730288456504189
40 41 -61.934262607636029
41 41 123.75857465627081
42 41 -61.772984012402773
441 41 -0.025664018116003162
41 42 -61.772984012402773
42 42 123.43281432622942
43 42 -61.60863738790448
442 42 -0.025596462961086003
42 43 -61.60863738790448
43 43 123.10097324984253
44 43 -61.441280568323236
443 43 -0.025527646807406264
43 44 -61.441280568323236
44 44 122.76316798682473
45 44 -61.270972230847121
444 44 -0.025457593827175353
44 45 -61.270972230847121
45 45 122.41951675065859
46 45 -61.097771862740366
445 45 -0.025386328535557078
45 46 -61.097771862740366
46 46 122.07013934245525
47 46 -60.921739728160979
446 46 -0.025313875776951204
46 47 -60.921739728160979
47 47 121.71515708433759
48 47 -60.742936834754254
447 47 -0.025240260711178162
47 48 -60.742936834754254
48 48 121.3546927524048
49 48 -60.561424900051406
448 48 -0.025165508799576779
48 49 -60.561424900051406
49 49 120.98887050933621
50 49 -60.377266317702734
449 49 -0.025089645791027283
49 50 -60.377266317702734
50 50 120.61781583669249
51 50 -60.190524123573915
450 50 -0.025012697707911594
50 51 -60.190524123573915
51 51 120.24165546697266
52 51 -60.001261961734684
451 51 -0.024934690832022894
51 52 -60.001261961734684
52 52 119.86051731548415
53 52 -59.809544050368594
452 52 -0.024855651690436485
52 53 -59.809544050368594
53 53 119.47453041208382
54 53 -59.615435147632517
453 53 -0.024775607041353884
53 54 -59.615435147632517
54 54 119.08382483284703
55 54 -59.419000517494645
454 54 -0.024694583859932007
54 55 -59.419000517494645
55 55 118.68853163172166
56 55 -59.220305895578804
455 55 -0.024612609324109237
55 56 -59.220305895578804
56 56 118.28878277222333
57 56 -59.019417455043651
456 56 -0.024529710800440037
56 57 -59.019417455043651
57 57 117.88471105922771
58 57 -58.816401772524152
457 57 -0.024445915829949705
57 58 -58.816401772524152
58 58 117.47645007091528
59 58 -58.611325794163086
458 58 -0.0243612521140208
58 59 -58.611325794163086
59 59 117.06413409092316
60 59 -58.404256801759423
459 59 -0.024275747500322443
59 60 -58.404256801759423
60 60 116.64789804075771
61 60 -58.195262379060694
460 60 -0.024189429968793773
60 61 -58.195262379060694
61 61 116.22787741252151
62 61 -57.984410378225448
461 61 -0.024102327617692543
61 62 -57.984410378225448
62 62 115.80420820200685
63 62 -57.771768886481965
462 62 -0.024014468649719831
62 63 -57.771768886481965
63 63 115.37702684220717
64 63 -57.557406193008738
463 63 -0.023925881358231347
63 64 -57.557406193008738
64 64 114.94647013729744
65 64 -57.341390756061607
464 64 -0.023836594113546036
64 65 -57.341390756061607
65 65 114.51267519713272
66 65 -57.123791170372392
465 65 -0.023746635349362173
65 66 -57.123791170372392
66 66 114.07577937231403
67 66 -56.904676134843051
466 66 -0.023656033549291064
66 67 -56.904676134843051
67 67 113.63592018986871
68 67 -56.684114420558615
467 67 -0.023564817233518276
67 68 -56.684114420558615
68 68 113.19323528959193
69 68 -56.462174839142101
468 68 -0.023473014945601896
68 69 -56.462174839142101
69 69 112.74786236109485
70 69 -56.238926211473924
469 69 -0.023380655239417437
69 70 -56.238926211473924
70 70 112.29993908160357
71 70 -56.014437336797144
470 70 -0.023287766666258383
70 71 -56.014437336797144
71 71 111.84960305455155
72 71 -55.788776962230209
471 71 -0.023194377762101353
71 72 -55.788776962230209
72 72 111.39699174900764
73 72 -55.562013752707344
472 72 -0.023100517035044534
72 73 -55.562013752707344
73 73 110.94224243997985
74 73 -55.334216261366635
473 73 -0.023006212952927759
73 74 -55.334216261366635
74 74 110.48549214963388
75 74 -55.105452900404977
474 74 -0.0229114939311423
74 75 -55.105452900404977
75 75 110.02687758946466
76 75 -54.875791912418428
475 75 -0.022816388320638297
75 76 -54.875791912418428
76 76 109.56653510345633
77 76 -54.645301342245638
476 76 -0.022720924396137199
76 77 -54.645301342245638
77 77 109.10460061226635
78 77 -54.414049009331613
477 77 -0.022625130344556616
77 78 -54.414049009331613
78 78 108.64120955846704
79 78 -54.182102480628124
478 78 -0.022529034253654441
78 79 -54.182102480628124
79 79 108.17649685287621
80 79 -53.949529044046301
479 79 -0.022432664100898867
79 80 -53.949529044046301
80 80 107.71059682200797
81 80 -53.716395682476545
480 80 -0.022336047742570749
80 81 -53.716395682476545
81 81 107.24364315667222
82 81 -53.482769048389471
481 81 -0.022239212903104107
81 82 -53.482769048389471
82 82 106.77576886175055
83 82 -53.248715439031734
482 82 -0.022142187164670736
82 83 -53.248715439031734
83 83 106.3071062071748
84 83 -53.014300772229035
483 83 -0.022044997957014114
83 84 -53.014300772229035
84 84 105.83778668013213
85 84 -52.779590562808011
484 84 -0.02194767254753777
84 85 -52.779590562808011
85 85 105.36794093851995
86 85 -52.54464989964864
485 85 -0.02185023803165281
85 86 -52.54464989964864
86 86 104.89769876567196
87 86 -52.309543423376546
486 86 -0.021752721323389072
86 87 -52.309543423376546
87 87 104.42718902637461
88 87 -52.074335304705507
487 87 -0.02165514914627396
87 88 -52.074335304705507
88 88 103.95653962419263
89 88 -51.839089223438158
488 88 -0.021557548024482662
88 89 -51.839089223438158
89 89 103.48587746012024
90 89 -51.603868348133545
489 89 -0.021459944274263374
89 90 -51.603868348133545
90 90 103.01532839257263
91 90 -51.368735316447797
490 90 -0.021362363995640503
90 91 -51.368735316447797
91 91 102.54501719873144
92 91 -51.133752216154853
491 91 -0.021264833064398615
91 92 -51.133752216154853
92 92 102.07506753725627
93 92 -50.898980566852721
492 92 -0.021167377124349702
92 93 -50.898980566852721
93 93 101.60560191237212
94 93 -50.664481302359619
493 93 -0.021070021579885856
93 94 -50.664481302359619
94 94 101.13674163934178
95 94 -50.430314753804517
494 94 -0.020972791588819099
94 95 -50.430314753804517
95 95 100.66860681133051
96 95 -50.196540633414955
495 95 -0.020875712055509976
95 96 -50.196540633414955
96 96 100.20131626766836
97 96 -49.96321801900482
496 96 -0.020778807624286053
96 97 -49.96321801900482
97 97 99.734987563514665
98 97 -49.730405339163561
497 97 -0.020682102673151161
97 98 -49.730405339163561
98 98 99.269736940927046
99 98 -49.498160359147917
498 98 -0.020585621307785882
98 99 -49.498160359147917
99 99 98.805679301336212
100 99 -49.266540167476627
499 99 -0.020489387355839737
99 100 -49.266540167476627
100 100 98.342928179426679
101 100 -49.035601163227028
500 100 -0.020393424361514721
100 101 -49.035601163227028
101 101 97.881595718420797
102 101 -48.805399044032903
501 101 -0.020297755580440092
101 102 -48.805399044032903
102 102 97.421792646763919
103 102 -48.575988794781352
502 102 -0.020202403974837555
102 103 -48.575988794781352
103 103 96.963628256205425
104 103 -48.347424677006117
503 103 -0.020107392208976064
103 104 -48.347424677006117
104 104 96.507210381269957
105 104 -48.119760218974015
504 104 -0.020012742644914854
104 105 -48.119760218974015
105 105 96.052645380111784
106 105 -47.893048206460705
505 105 -0.019918477338533348
105 106 -47.893048206460705
106 106 95.600038116743178
107 106 -47.667340674210784
506 106 -0.01982461803584603
106 107 -47.667340674210784
107 107 95.149491944627371
108 107 -47.442688898077378
507 107 -0.019731186169600252
107 108 -47.442688898077378
108 108 94.701108691624739
109 108 -47.21914338783504
508 108 -0.019638202856154807
108 109 -47.21914338783504
109 109 94.25498864627987
110 109 -46.996753880659568
509 109 -0.019545688892636415
109 110 -46.996753880659568
110 110 93.811230545435933
111 110 -46.775569335267612
510 110 -0.019453664754371602
110 111 -46.775569335267612
111 111 93.369931563161245
112 111 -46.555637926708442
511 111 -0.019362150592590697
111 112 -46.555637926708457
112 112 92.931187300972951
113 112 -46.337007041799708
512 112 -0.019271166232400726
112 113 -46.337007041799708
113 113 92.495091779339901
114 113 -46.11972327519814
513 113 -0.019180731171023747
113 114 -46.11972327519814
114 114 92.061737430447195
115 114 -45.903832426096457
514 114 -0.019090864576296721
114 115 -45.903832426096457
115 115 91.631215092203348
116 115 -45.689379495536016
515 115 -0.019001585285429109
115 116 -45.689379495536016
116 116 91.203614003469525
117 116 -45.47640868432547
516 116 -0.018912911804013954
116 117 -45.47640868432547
117 117 90.779021800490412
118 117 -45.264963391554375
517 117 -0.018824862305288098
117 118 -45.264963391554375
118 118 90.357524514504391
119 118 -45.05508621369075
518 118 -0.018737454629636992
118 119 -45.05508621369075
119 119 89.939206570510237
120 119 -44.846818944250813
519 119 -0.018650706284339388
119 120 -44.846818944250813
120 120 89.524150787166789
121 120 -44.640202574028876
520 120 -0.018564634443546932
120 121 -44.640202574028876
121 121 89.112438377801041
122 121 -44.43527729187516
521 121 -0.018479255948493645
121 122 -44.43527729187516
122 122 88.704148952499565
123 122 -44.232082486008537
522 122 -0.018394587307930085
122 123 -44.232082486008537
123 123 88.299360521257185
124 123 -44.030656745851083
523 123 -0.018310644698776739
123 124 -44.030656745851083
124 124 87.898149498156215
125 124 -43.831037864371147
524 124 -0.018227443966991153
124 125 -43.831037864371147
125 125 87.500590706549289
126 125 -43.633262840920864
525 125 -0.018145000628643181
125 126 -43.633262840920864
126 126 87.10675738521762
127 126 -43.437367884554391
526 126 -0.01806332987119251
126 127 -43.437367884554391
127 127 86.716721195476524
128 127 -43.243388417812213
527 127 -0.017982446554962637
127 128 -43.243388417812213
128 128 86.330552229198915
129 128 -43.051359080957099
528 128 -0.017902365214805257
128 129 -43.051359080957099
129 129 85.948319017727812
130 129 -42.861313736646821
529 129 -0.017823100061948899
129 130 -42.861313736646821
130 130 85.570088541647635
131 130 -42.673285475028756
530 130 -0.017744664986025789
130 131 -42.673285475028756
131 131 85.195926241384072
132 131 -42.487306619240783
531 131 -0.017667073557270468
131 132 -42.487306619240783
132 132 84.82589602860206
133 132 -42.303408731303513
532 132 -0.01759033902888392
132 133 -42.303408731303513
133 133 84.460060298370649
134 133 -42.121622618388017
533 133 -0.017514474339556756
133 134 -42.121622618388017
134 134 84.09847994206379
135 134 -41.941978339443473
534 134 -0.017439492116145025
134 135 -41.941978339443473
135 135 83.74121436096533
136 135 -41.764505212168878
535 135 -0.017365404676492006
135 136 -41.764505212168878
136 136 83.38832148054658
137 136 -41.589231820312939
536 136 -0.017292224032389534
136 137 -41.589231820312939
137 137 83.039857765384525
138 137 -41.416186021286251
537 137 -0.017219961892672147
137 138 -41.416186021286251
138 138 82.695878234688678
139 138 -41.245394954069553
538 138 -0.017148629666437459
138 139 -41.245394954069553
139 139 82.35643647840449
140 139 -41.076885047402158
539 139 -0.017078238466386089
139 140 -41.076885047402158
140 140 82.021584673860971
141 140 -40.910682028234248
540 140 -0.017008799112274441
140 141 -40.910682028234248
141 141 81.691373602930227
142 141 -40.746810930427038
541 141 -0.016940322134473679
141 142 -40.746810930427038
142 142 81.36585266966712
143 142 -40.585296103684819
542 142 -0.016872817777628196
142 143 -40.585296103684819
143 143 81.045069918395939
144 143 -40.426161222702298
543 143 -0.016806296004406831
143 144 -40.426161222702298
144 144 80.729072052212842
145 144 -40.269429296511859
544 144 -0.016740766499340302
144 145 -40.269429296511859
145 145 80.417904451871479
146 145 -40.115122678014153
545 145 -0.016676238672738063
145 146 -40.115122678014153
146 146 80.111611195019861
147 146 -39.963263073676359
546 146 -0.016612721664678032
146 147 -39.963263073676359
147 147 79.810235075756651
148 147 -39.813871553382178
547 147 -0.016550224349062542
147 148 -39.813871553382178
148 148 79.513817624475593
149 148 -39.666968560417956
548 148 -0.016488755337734026
148 149 -39.666968560417956
149 149 79.222399127966099
150 149 -39.522573921578854
549 149 -0.016428322984643848
149 150 -39.522573921578854
150 150 78.936018649739168
151 150 -39.380706857380162
550 150 -0.016368935390067809
150 151 -39.380706857380162
151 151 78.654714050547639
152 151 -39.241385992357742
551 151 -0.016310600404862024
151 152 -39.241385992357742
152 152 78.378522009069968
153 152 -39.104629365442747
552 152 -0.016253325634752621
152 153 -39.104629365442747
153 153 78.107478042727493
154 153 -38.970454440395443
553 153 -0.016197118444653137
153 154 -38.970454440395443
154 154 77.84161652860449
155 154 -38.838878116283041
554 154 -0.016141985963003307
154 155 -38.838878116283041
155 155 77.580970724442309
156 155 -38.709916737987015
555 155 -0.016087935086123065
155 156 -38.709916737987015
156 156 77.325572789677466
157 156 -38.583586106725292
556 156 -0.016034972482575776
156 157 -38.583586106725292
157 157 77.075453806495219
158 157 -38.45990149057485
557 157 -0.0159831045975346
157 158 -38.45990149057485
158 158 76.830643800869865
159 158 -38.338877634980712
558 158 -0.015932337657146137
158 159 -38.338877634980712
159 159 76.591171763563935
160 159 -38.220528773237454
559 159 -0.015882677672885516
159 160 -38.220528773237454
160 160 76.357065671058663
161 160 -38.104868636929424
560 160 -0.015834130445897227
160 161 -38.104868636929424
161 161 76.128352506388254
162 161 -37.991910466316192
561 161 -0.015786701571315998
161 162 -37.991910466316192
162 162 75.905058279851517
163 162 -37.881667020650205
562 162 -0.015740396442562251
162 163 -37.881667020650205
163 163 75.687208049575005
164 163 -37.774150588413583
563 163 -0.015695220255606726
163 164 -37.774150588413583
164 164 75.474825941901202
165 164 -37.669372997461217
564 164 -0.015651178013198826
164 165 -37.669372997461217
165 165 75.26793517157742
166 165 -37.567345625058103
565 165 -0.015608274529053655
165 166 -37.567345625058103
166 166 75.066558061720471
167 166 -37.468079407798371
566 166 -0.015566514431992475
166 167 -37.468079407798371
167 167 74.870716063532825
168 167 -37.371584851394381
567 167 -0.015525902170031712
167 168 -37.371584851394381
168 168 74.680429775747328
169 168 -37.277872040324112
568 168 -0.015486442014415607
168 169 -37.277872040324112
169 169 74.495718963777037
170 169 -37.186950647325745
569 169 -0.015448138063587694
169 170 -37.186950647325745
170 170 74.316602578548157
171 170 -37.098829942728202
570 170 -0.015410994247096603
170 171 -37.098829942728202
171 171 74.143098774994172
172 171 -37.013518803607113
571 171 -0.015375014329431566
171 172 -37.013518803607113
172 172 73.975224930190294
173 172 -36.931025722755614
572 172 -0.015340201913783304
172 173 -36.931025722755614
173 173 73.812997661107119
174 173 -36.85135881746006
573 173 -0.015306560445725986
173 174 -36.85135881746006
174 174 73.656432841964431
175 174 -36.774525838070723
574 174 -0.015274093216816222
174 175 -36.774525838070723
175 175 73.505545621164813
176 175 -36.700534176357898
575 175 -0.015242803368104924
175 176 -36.700534176357898
176 176 73.360350437789648
177 176 -36.629390873644624
576 176 -0.01521269389355839
176 177 -36.629390873644624
177 177 73.220861037638016
178 177 -36.561102628706621
577 177 -0.015183767643384648
177 178 -36.561102628706621
178 178 73.087090488792555
179 178 -36.495675805431404
578 178 -0.015156027327261588
178 179 -36.495675805431404
179 179 72.959051196694375
180 179 -36.433116440228055
579 179 -0.015129475517463391
179 180 -36.433116440228055
180 180 72.836754918711634
181 180 -36.373430249179812
580 180 -0.015104114651881863
180 181 -36.373430249179812
181 181 72.720212778185825
182 181 -36.316622634932124
581 181 -0.015079947036939481
181 182 -36.316622634932124
182 182 72.609435277941515
183 182 -36.262698693308614
582 182 -0.015056974850391184
182 183 -36.262698693308614
183 183 72.504432313244962
184 183 -36.211663219648322
583 183 -0.015035200144011808
183 184 -36.211663219648322
184 184 72.405213184198146
185 184 -36.163520714857498
584 184 -0.015014624846166513
184 185 -36.163520714857498
185 185 72.311786607555845
186 185 -36.118275391169831
585 185 -0.01499525076426146
185 186 -36.118275391169831
186 186 72.224160727952949
187 186 -36.075931177608986
586 186 -0.014977079587072265
186 187 -36.075931177608986
187 187 72.142343128531095
188 187 -36.036491725148217
587 187 -0.014960112886947824
187 188 -36.036491725148217
188 188 72.066340840953501
189 188 -35.99996041156151
588 188 -0.014944352121887267
188 189 -35.99996041156151
189 189 71.996160354797979
190 189 -35.966340345961491
589 189 -0.014929798637487963
189 190 -35.966340345961491
190 190 71.931807626318601
191 190 -35.935634373019589
590 190 -0.014916453668762595
190 191 -35.935634373019589
191 191 71.873288086567257
192 191 -35.907845076864035
591 191 -0.014904318341823455
191 192 -35.907845076864035
192 192 71.820606648867013
193 192 -35.882974784652113
592 192 -0.014893393675432342
192 193 -35.882974784652113
193 193 71.773767715629631
194 193 -35.861025569812711
593 193 -0.014883680582414427
193 194 -35.861025569812711
194 194 71.732775184510928
195 194 -35.841999254956342
594 194 -0.014875179870934809
194 195 -35.841999254956342
195 195 71.697632453897171
196 195 -35.825897414449543
595 195 -0.014867892245636314
195 196 -35.825897414449543
196 196 71.668342427717903
197 196 -35.812721376651091
596 196 -0.014861818308637628
196 197 -35.812721376651091
197 197 71.644907519579874
198 197 -35.802472225808003
597 197 -0.014856958560390618
197 198 -35.802472225808003
198 198 71.627329656218095
199 198 -35.795150803609303
598 198 -0.014853313400396029
198 199 -35.795150803609303
199 199 71.615610280260924
200 199 -35.790757710396072
599 199 -0.014850883127776949
199 200 -35.790757710396072
200 200 71.60975035230615
201 200 -35.789293306026643
600 200 -0.014849667941709345
200 201 -35.789293306026643
201 201 71.60975035230615
202 201 -35.790757710396072
601 201 -0.014849667941709345
201 202 -35.790757710396072
202 202 71.615610280260938
203 202 -35.795150803609317
602 202 -0.014850883127776949
202 203 -35.795150803609317
203 203 71.627329656218123
204 203 -35.802472225808017
603 203 -0.014853313400396036
203 204 -35.802472225808017
204 204 71.644907519579874
205 204 -35.812721376651091
604 204 -0.014856958560390618
204 205 -35.812721376651091
205 205 71.668342427717917
206 205 -35.825897414449543
605 205 -0.014861818308637628
205 206 -35.825897414449543
206 206 71.697632453897157
207 206 -35.841999254956342
606 206 -0.014867892245636314
206 207 -35.841999254956342
207 207 71.732775184510928
208 207 -35.861025569812711
607 207 -0.014875179870934809
207 208 -35.861025569812711
208 208 71.773767715629631
209 208 -35.882974784652113
608 208 -0.014883680582414427
208 209 -35.882974784652113
209 209 71.820606648866999
210 209 -35.907845076864035
609 209 -0.014893393675432342
209 210 -35.907845076864035
210 210 71.873288086567257
211 210 -35.935634373019589
610 210 -0.014904318341823455
210 211 -35.935634373019589
211 211 71.931807626318601
212 211 -35.966340345961491
611 211 -0.014916453668762595
211 212 -35.966340345961491
212 212 71.996160354797979
213 212 -35.99996041156151
612 212 -0.014929798637487963
212 213 -35.99996041156151
213 213 72.066340840953501
214 213 -36.036491725148217
613 213 -0.014944352121887267
213 214 -36.036491725148217
214 214 72.142343128531095
215 214 -36.075931177608986
614 214 -0.014960112886947824
214 215 -36.075931177608986
215 215 72.224160727952949
216 215 -36.118275391169831
615 215 -0.014977079587072265
215 216 -36.118275391169831
216 216 72.311786607555831
217 216 -36.163520714857498
616 216 -0.01499525076426146
216 217 -36.163520714857498
217 217 72.405213184198146
218 217 -36.211663219648322
617 217 -0.015014624846166513
217 218 -36.211663219648322
218 218 72.504432313244962
219 218 -36.262698693308614
618 218 -0.015035200144011808
218 219 -36.262698693308614
219 219 72.609435277941515
220 219 -36.316622634932124
619 219 -0.015056974850391184
219 220 -36.316622634932124
220 220 72.720212778185825
221 220 -36.373430249179812
620 220 -0.015079947036939481
220 221 -36.373430249179812
221 221 72.836754918711634
222 221 -36.433116440228055
621 221 -0.015104114651881863
221 222 -36.433116440228055
222 222 72.959051196694375
223 222 -36.495675805431404
622 222 -0.015129475517463391
222 223 -36.495675805431404
223 223 73.087090488792555
224 223 -36.561102628706621
623 223 -0.015156027327261588
223 224 -36.561102628706621
224 224 73.220861037638016
225 224 -36.629390873644624
624 224 -0.015183767643384648
224 225 -36.629390873644624
225 225 73.360350437789648
226 225 -36.700534176357898
625 225 -0.01521269389355839
225 226 -36.700534176357898
226 226 73.505545621164813
227 226 -36.774525838070723
626 226 -0.015242803368104924
226 227 -36.774525838070723
227 227 73.656432841964445
228 227 -36.851358817460081
627 227 -0.015274093216816222
227 228 -36.851358817460081
228 228 73.812997661107161
229 228 -36.931025722755628
628 228 -0.015306560445725995
228 229 -36.931025722755628
229 229 73.975224930190308
230 229 -37.013518803607113
629 229 -0.015340201913783307
229 230 -37.013518803607113
230 230 74.143098774994186
231 230 -37.098829942728202
630 230 -0.015375014329431566
230 231 -37.098829942728202
231 231 74.316602578548157
232 231 -37.186950647325745
631 231 -0.015410994247096603
231 232 -37.186950647325745
232 232 74.495718963777051
233 232 -37.277872040324112
632 232 -0.015448138063587694
232 233 -37.277872040324112
233 233 74.680429775747342
234 233 -37.371584851394388
633 233 -0.015486442014415607
233 234 -37.371584851394388
234 234 74.870716063532839
235 234 -37.468079407798378
634 234 -0.015525902170031717
234 235 -37.468079407798378
235 235 75.066558061720471
236 235 -37.567345625058103
635 235 -0.015566514431992475
235 236 -37.567345625058103
236 236 75.26793517157742
237 236 -37.669372997461217
636 236 -0.015608274529053655
236 237 -37.669372997461217
237 237 75.474825941901202
238 237 -37.77415058841359
637 237 -0.015651178013198829
237 238 -37.77415058841359
238 238 75.687208049575034
239 238 -37.88166702065022
638 238 -0.015695220255606733
238 239 -37.88166702065022
239 239 75.905058279851545
240 239 -37.991910466316206
639 239 -0.015740396442562258
239 240 -37.991910466316206
240 240 76.128352506388268
241 240 -38.104868636929424
640 240 -0.015786701571315998
240 241 -38.104868636929424
241 241 76.357065671058663
242 241 -38.220528773237454
641 241 -0.015834130445897227
241 242 -38.220528773237454
242 242 76.591171763563935
243 242 -38.338877634980712
642 242 -0.015882677672885516
242 243 -38.338877634980712
243 243 76.830643800869851
244 243 -38.45990149057485
643 243 -0.015932337657146137
243 244 -38.45990149057485
244 244 77.075453806495219
245 244 -38.583586106725292
644 244 -0.0159831045975346
244 245 -38.583586106725292
245 245 77.325572789677466
246 245 -38.709916737987015
645 245 -0.016034972482575776
245 246 -38.709916737987015
246 246 77.580970724442309
247 246 -38.838878116283041
646 246 -0.016087935086123065
246 247 -38.838878116283041
247 247 77.84161652860449
248 247 -38.970454440395443
647 247 -0.016141985963003307
247 248 -38.970454440395443
248 248 78.107478042727493
249 248 -39.104629365442747
648 248 -0.016197118444653137
248 249 -39.104629365442747
249 249 78.378522009069982
250 249 -39.241385992357742
649 249 -0.016253325634752621
249 250 -39.241385992357742
250 250 78.654714050547625
251 250 -39.380706857380162
650 250 -0.016310600404862024
250 251 -39.380706857380162
251 251 78.936018649739168
252 251 -39.522573921578854
651 251 -0.016368935390067809
251 252 -39.522573921578854
252 252 79.222399127966113
253 252 -39.666968560417956
652 252 -0.016428322984643848
252 253 -39.666968560417956
253 253 79.513817624475621
254 253 -39.813871553382192
653 253 -0.016488755337734032
253 254 -39.813871553382192
254 254 79.81023507575668
255 254 -39.963263073676366
654 254 -0.016550224349062548
254 255 -39.963263073676366
255 255 80.111611195019876
256 255 -40.115122678014153
655 255 -0.016612721664678035
255 256 -40.115122678014153
256 256 80.417904451871493
257 256 -40.269429296511859
656 256 -0.016676238672738063
256 257 -40.269429296511859
257 257 80.729072052212842
258 257 -40.426161222702298
657 257 -0.016740766499340302
257 258 -40.426161222702305
258 258 81.045069918395939
259 258 -40.585296103684833
658 258 -0.016806296004406831
258 259 -40.585296103684833
259 259 81.365852669667149
260 259 -40.746810930427038
659 259 -0.0168728177776282
259 260 -40.746810930427053
260 260 81.691373602930227
261 260 -40.910682028234248
660 260 -0.016940322134473679
260 261 -40.910682028234248
261 261 82.021584673860971
262 261 -41.076885047402158
661 261 -0.017008799112274441
261 262 -41.076885047402172
262 262 82.356436478404504
263 262 -41.245394954069553
662 262 -0.017078238466386089
262 263 -41.245394954069553
263 263 82.695878234688678
264 263 -41.416186021286251
663 263 -0.017148629666437459
263 264 -41.416186021286251
264 264 83.039857765384525
265 264 -41.589231820312939
664 264 -0.017219961892672147
264 265 -41.589231820312939
265 265 83.388321480546594
266 265 -41.764505212168878
665 265 -0.017292224032389534
265 266 -41.764505212168878
266 266 83.74121436096533
267 266 -41.941978339443487
666 266 -0.017365404676492006
266 267 -41.941978339443487
267 267 84.098479942063818
268 267 -42.121622618388017
667 267 -0.017439492116145029
267 268 -42.121622618388038
268 268 84.460060298370649
269 268 -42.303408731303513
668 268 -0.017514474339556756
268 269 -42.303408731303513
269 269 84.825896028602074
270 269 -42.487306619240783
669 269 -0.017590339028883923
269 270 -42.487306619240798
270 270 85.1959262413841
271 270 -42.67328547502877
670 270 -0.017667073557270475
270 271 -42.67328547502877
271 271 85.57008854164765
272 271 -42.861313736646821
671 271 -0.017744664986025793
271 272 -42.861313736646821
272 272 85.948319017727812
273 272 -43.051359080957099
672 272 -0.017823100061948899
272 273 -43.051359080957099
273 273 86.330552229198915
274 273 -43.243388417812213
673 273 -0.017902365214805257
273 274 -43.24338841781222
274 274 86.716721195476524
275 274 -43.437367884554391
674 274 -0.017982446554962637
274 275 -43.437367884554391
275 275 87.10675738521762
276 275 -43.633262840920864
675 275 -0.01806332987119251
275 276 -43.633262840920864
276 276 87.500590706549289
277 276 -43.831037864371154
676 276 -0.018145000628643181
276 277 -43.831037864371154
277 277 87.898149498156229
278 277 -44.030656745851083
677 277 -0.01822744396699116
277 278 -44.030656745851097
278 278 88.299360521257199
279 278 -44.232082486008551
678 278 -0.018310644698776746
278 279 -44.232082486008551
279 279 88.704148952499608
280 279 -44.43527729187516
679 279 -0.018394587307930092
279 280 -44.435277291875181
280 280 89.112438377801027
281 280 -44.640202574028876
680 280 -0.018479255948493645
280 281 -44.640202574028876
281 281 89.524150787166789
282 281 -44.84681894425082
681 281 -0.018564634443546932
281 282 -44.84681894425082
282 282 89.939206570510265
283 282 -45.055086213690778
682 282 -0.018650706284339395
282 283 -45.055086213690778
283 283 90.357524514504448
284 283 -45.264963391554375
683 283 -0.018737454629637003
283 284 -45.264963391554403
284 284 90.779021800490426
285 284 -45.476408684325484
684 284 -0.018824862305288098
284 285 -45.476408684325484
285 285 91.203614003469553
286 285 -45.689379495536016
685 285 -0.018912911804013957
285 286 -45.689379495536031
286 286 91.631215092203348
287 286 -45.903832426096464
686 286 -0.019001585285429109
286 287 -45.903832426096464
287 287 92.061737430447224
288 287 -46.11972327519814
687 287 -0.019090864576296725
287 288 -46.119723275198155
288 288 92.495091779339901
289 288 -46.337007041799708
688 288 -0.019180731171023747
288 289 -46.337007041799708
289 289 92.931187300972965
290 289 -46.555637926708457
689 289 -0.019271166232400726
289 290 -46.555637926708457
290 290 93.369931563161245
291 290 -46.775569335267612
690 290 -0.019362150592590697
290 291 -46.775569335267612
291 291 93.811230545435947
292 291 -46.996753880659568
691 291 -0.019453664754371602
291 292 -46.996753880659583
292 292 94.25498864627987
293 292 -47.21914338783504
692 292 -0.019545688892636411
292 293 -47.21914338783504
293 293 94.701108691624739
294 293 -47.442688898077364
693 293 -0.019638202856154807
293 294 -47.442688898077378
294 294 95.149491944627357
295 294 -47.667340674210784
694 294 -0.019731186169600248
294 295 -47.667340674210784
295 295 95.600038116743193
296 295 -47.893048206460705
695 295 -0.01982461803584603
295 296 -47.893048206460719
296 296 96.052645380111798
297 296 -48.119760218974029
696 296 -0.019918477338533351
296 297 -48.119760218974029
297 297 96.507210381269971
298 297 -48.347424677006117
697 297 -0.020012742644914858
297 298 -48.347424677006117
298 298 96.963628256205439
299 298 -48.575988794781367
698 298 -0.020107392208976064
298 299 -48.575988794781367
299 299 97.421792646763947
300 299 -48.805399044032903
699 299 -0.020202403974837562
299 300 -48.805399044032917
300 300 97.881595718420797
301 300 -49.035601163227028
700 300 -0.020297755580440092
300 301 -49.035601163227028
301 301 98.342928179426679
302 301 -49.266540167476627
701 301 -0.020393424361514721
301 302 -49.266540167476627
302 302 98.805679301336212
303 302 -49.498160359147917
702 302 -0.020489387355839737
302 303 -49.498160359147917
303 303 99.269736940927046
304 303 -49.730405339163561
703 303 -0.020585621307785882
303 304 -49.730405339163561
304 304 99.734987563514693
305 304 -49.963218019004842
704 304 -0.020682102673151164
304 305 -49.963218019004842
305 305 100.20131626766842
306 305 -50.196540633414955
705 305 -0.020778807624286071
305 306 -50.196540633414998
306 306 100.66860681133051
307 306 -50.430314753804517
706 306 -0.020875712055509976
306 307 -50.430314753804517
307 307 101.13674163934178
308 307 -50.664481302359619
707 307 -0.020972791588819099
307 308 -50.664481302359619
308 308 101.60560191237212
309 308 -50.898980566852728
708 308 -0.021070021579885856
308 309 -50.898980566852728
309 309 102.0750675372563
310 309 -51.133752216154853
709 309 -0.021167377124349716
309 310 -51.133752216154861
310 310 102.54501719873144
311 310 -51.368735316447797
710 310 -0.021264833064398615
310 311 -51.368735316447797
311 311 103.01532839257266
312 311 -51.603868348133545
711 311 -0.02136236399564051
311 312 -51.603868348133567
312 312 103.48587746012022
313 312 -51.839089223438158
712 312 -0.021459944274263374
312 313 -51.839089223438158
313 313 103.95653962419263
314 313 -52.074335304705485
713 313 -0.021557548024482662
313 314 -52.074335304705507
314 314 104.42718902637461
315 314 -52.309543423376567
714 314 -0.021655149146273957
314 315 -52.309543423376567
315 315 104.897698765672
316 315 -52.54464989964864
715 315 -0.021752721323389086
315 316 -52.544649899648654
316 316 105.36794093851995
317 316 -52.779590562808011
716 316 -0.02185023803165281
316 317 -52.779590562808011
317 317 105.83778668013213
318 317 -53.014300772228978
717 317 -0.02194767254753777
317 318 -53.014300772229035
318 318 106.30710620717474
319 318 -53.248715439031734
718 318 -0.0220449979570141
318 319 -53.248715439031734
319 319 106.77576886175058
320 319 -53.482769048389471
719 319 -0.02214218716467074
319 320 -53.482769048389493
320 320 107.24364315667222
321 320 -53.716395682476545
720 320 -0.022239212903104107
320 321 -53.716395682476545
321 321 107.71059682200799
322 321 -53.949529044046301
721 321 -0.022336047742570749
321 322 -53.949529044046301
322 322 108.17649685287621
323 322 -54.182102480628124
722 322 -0.022432664100898867
322 323 -54.182102480628124
323 323 108.64120955846703
324 323 -54.414049009331613
723 323 -0.022529034253654441
323 324 -54.414049009331613
324 324 109.10460061226635
325 324 -54.645301342245638
724 324 -0.022625130344556616
324 325 -54.645301342245638
325 325 109.56653510345633
326 325 -54.875791912418428
725 325 -0.022720924396137199
325 326 -54.875791912418428
326 326 110.02687758946469
327 326 -55.105452900404977
726 326 -0.022816388320638301
326 327 -55.105452900404998
327 327 110.48549214963388
328 327 -55.334216261366635
727 327 -0.0229114939311423
327 328 -55.334216261366635
328 328 110.94224243997985
329 328 -55.562013752707323
728 328 -0.023006212952927759
328 329 -55.562013752707358
329 329 111.39699174900764
330 329 -55.78877696223023
729 329 -0.023100517035044534
329 330 -55.78877696223023
330 330 111.84960305455159
331 330 -56.014437336797144
730 330 -0.02319437776210136
330 331 -56.014437336797165
331 331 112.29993908160357
332 331 -56.238926211473924
731 331 -0.023287766666258383
331 332 -56.238926211473924
332 332 112.74786236109485
333 332 -56.462174839142101
732 332 -0.023380655239417437
332 333 -56.462174839142101
333 333 113.19323528959191
334 333 -56.684114420558615
733 333 -0.023473014945601896
333 334 -56.684114420558615
334 334 113.63592018986874
335 334 -56.904676134843051
734 334 -0.023564817233518279
334 335 -56.904676134843072
335 335 114.07577937231403
336 335 -57.123791170372392
735 335 -0.023656033549291064
335 336 -57.123791170372392
336 336 114.51267519713272
337 336 -57.341390756061607
736 336 -0.023746635349362173
336 337 -57.341390756061607
337 337 114.94647013729744
338 337 -57.557406193008738
737 337 -0.023836594113546036
337 338 -57.557406193008738
338 338 115.37702684220717
339 338 -57.771768886481965
738 338 -0.023925881358231347
338 339 -57.771768886481965
339 339 115.80420820200685
340 339 -57.984410378225448
739 339 -0.024014468649719831
339 340 -57.984410378225448
340 340 116.22787741252152
341 340 -58.195262379060694
740 340 -0.024102327617692543
340 341 -58.195262379060694
341 341 116.64789804075771
342 341 -58.404256801759423
741 341 -0.024189429968793773
341 342 -58.404256801759423
342 342 117.06413409092316
343 342 -58.611325794163086
742 342 -0.024275747500322443
342 343 -58.611325794163086
343 343 117.47645007091528
344 343 -58.816401772524152
743 343 -0.0243612521140208
343 344 -58.816401772524152
344 344 117.88471105922771
345 344 -59.019417455043651
744 344 -0.024445915829949705
344 345 -59.019417455043651
345 345 118.28878277222334
346 345 -59.220305895578818
745 345 -0.024529710800440037
345 346 -59.220305895578818
346 346 118.68853163172169
347 346 -59.419000517494645
746 346 -0.024612609324109243
346 347 -59.419000517494659
347 347 119.08382483284703
348 347 -59.615435147632517
747 347 -0.024694583859932007
347 348 -59.615435147632517
348 348 119.47453041208382
349 348 -59.809544050368594
748 348 -0.024775607041353884
348 349 -59.809544050368594
349 349 119.86051731548415
350 349 -60.001261961734684
749 349 -0.024855651690436485
349 350 -60.001261961734684
350 350 120.24165546697266
351 350 -60.190524123573915
750 350 -0.024934690832022894
350 351 -60.190524123573915
351 351 120.61781583669249
352 351 -60.377266317702734
751 351 -0.025012697707911594
351 352 -60.377266317702734
352 352 120.98887050933619
353 352 -60.561424900051406
752 352 -0.025089645791027283
352 353 -60.561424900051406
353 353 121.3546927524048
354 353 -60.742936834754254
753 353 -0.025165508799576779
353 354 -60.742936834754254
354 354 121.71515708433762
355 354 -60.921739728160979
754 354 -0.025240260711178169
354 355 -60.921739728161008
355 355 122.07013934245525
356 355 -61.097771862740366
755 355 -0.025313875776951204
355 356 -61.097771862740366
356 356 122.41951675065862
357 356 -61.270972230847143
756 356 -0.025386328535557078
356 357 -61.270972230847143
357 357 122.76316798682481
358 357 -61.441280568323307
757 357 -0.025457593827175374
357 358 -61.441280568323307
358 358 123.10097324984262
359 358 -61.60863738790448
758 358 -0.025527646807406282
358 359 -61.608637387904508
359 359 123.43281432622942
360 359 -61.772984012402773
759 359 -0.025596462961086003
359 360 -61.772984012402773
360 360 123.75857465627081
361 360 -61.934262607636029
760 360 -0.025664018116003162
