# Created by Octave 5.1.0, Mon Sep 30 15:50:39 2019 CEST <jakub@arc1w>
# name: Problem
# type: scalar struct
# ndims: 2
 1 1
# length: 4
# name: A
# type: sparse matrix
# nnz: 49600
# rows: 10000
# columns: 10000
1 1 9.3024158639871217
2 1 -4.2311244064605829
101 1 -0.41785212159839885
1 2 -4.2311244064605829
2 2 9.2877346626758772
3 2 -4.2222254253681522
102 2 -0.41719241542357233
2 3 -4.2222254253681522
3 3 9.2633632554054834
4 3 -4.2089432761623007
103 3 -0.41609727693751569
3 4 -4.2089432761623007
4 4 9.2294465230181366
5 4 -4.1913568101321452
104 4 -0.41457321836184602
4 5 -4.1913568101321452
5 5 9.1861852916780187
6 5 -4.1695699484340603
105 5 -0.41262926655590687
5 6 -4.1695699484340603
6 6 9.1338343629653913
7 6 -4.1437106656609872
106 6 -0.41027687443517163
6 7 -4.1437106656609872
7 7 9.0727000333105732
8 7 -4.1139297487946918
107 7 -0.40752980942744699
7 8 -4.1139297487946918
8 8 9.0031371404428953
9 8 -4.0803993503249387
108 8 -0.40440402066163245
8 9 -4.0803993503249387
9 9 8.9255456813324212
10 9 -4.0433113572279185
109 9 -0.40091748688978229
9 10 -4.0433113572279185
10 10 8.8403670520235771
11 10 -4.0028755999765826
110 10 -0.3970900474095384
10 11 -4.0028755999765826
11 11 8.7480799646921827
12 11 -3.9593179277639408
111 11 -0.39294321847583008
11 12 -3.9593179277639408
12 12 8.6491961011167469
13 12 -3.9128781776242487
112 12 -0.38849999786427913
12 13 -3.9128781776242487
13 13 8.5442555644826896
14 13 -3.8638080661156793
113 13 -0.38378466037138076
13 14 -3.8638080661156793
14 14 8.4338221930019852
15 14 -3.8123690326727351
114 14 -0.37882254710678542
14 15 -3.8123690326727351
15 15 8.3184787992251383
16 15 -3.7588300636510934
115 15 -0.37363985145065493
15 16 -3.7588300636510934
16 16 8.1988223981679553
17 16 -3.703465525486823
116 16 -0.36826340451501949
16 17 -3.703465525486823
17 17 8.0754594855181772
18 17 -3.6465530343025536
117 17 -0.36272046286440007
17 18 -3.6465530343025536
18 18 7.9490014242957381
19 18 -3.5883713877516064
118 18 -0.35703850112078911
18 19 -3.5883713877516064
19 19 7.8200599945055336
20 19 -3.5291985829429966
119 19 -0.35124501190546509
19 20 -3.5291985829429966
20 20 7.689243155651309
21 20 -3.4693099419884512
120 20 -0.3453673153599307
20 21 -3.4693099419884512
21 21 7.5571510665969281
22 21 -3.4089763641163771
121 21 -0.3394323802460501
21 22 -3.4089763641163771
22 22 7.4243724013012109
23 22 -3.3484627204702702
122 22 -0.33346665835728206
22 23 -3.3484627204702702
23 23 7.29148099255685
24 23 -3.2880264047162999
123 23 -0.32749593368514007
23 24 -3.2880264047162999
24 24 7.1590328291781189
25 24 -3.2279160494933801
124 24 -0.32154518748421951
24 25 -3.2279160494933801
25 25 7.0275634252517722
26 25 -3.1683704156146644
125 25 -0.31563848007186429
25 26 -3.1683704156146644
26 26 6.8975855732322797
27 26 -3.1096174578352827
126 26 -0.30979884989116713
26 27 -3.1096174578352818
27 27 6.7695874859608143
28 27 -3.0518735679964055
127 27 -0.30404823006456289
27 28 -3.0518735679964055
28 28 6.6440313262414463
29 28 -2.9953429934942921
128 28 -0.29840738237537467
28 29 -2.9953429934942921
29 29 6.5213521165290889
30 29 -2.940217426352183
129 29 -0.29289584834130689
29 30 -2.940217426352183
30 30 6.4019570156680361
31 30 -2.8866757557330982
130 30 -0.2875319167913773
30 31 -2.8866757557330982
31 31 6.2862249445476843
32 31 -2.8348839745550936
131 31 -0.28233260712974634
31 32 -2.8348839745550936
32 32 6.1745065380748869
33 32 -2.7849952289815705
132 32 -0.27731366726911122
32 33 -2.7849952289815705
33 33 6.067124397045049
34 33 -2.7371499979739076
133 33 -0.27248958504478576
33 34 -2.7371499979739076
34 34 5.9643736103528484
35 34 -2.6914763888200106
134 34 -0.26787361177946561
34 35 -2.6914763888200106
35 35 5.86652251552756
36 35 -2.6480905335907505
135 35 -0.26347779655839965
35 36 -2.6480905335907505
36 36 5.7738136638009427
37 36 -2.6070970708203065
136 36 -0.25931302969494258
36 37 -2.6070970708203065
37 37 5.6864649547962873
38 37 -2.5685896963433672
137 37 -0.25538909381630631
37 38 -2.5685896963433681
38 38 5.6046709054321919
39 38 -2.5326517671343418
138 38 -0.25171472097724101
38 39 -2.5326517671343418
39 39 5.5286040177201885
40 39 -2.4993569421590425
139 39 -0.24829765421340147
39 40 -2.4993569421590425
40 40 5.4584162107499559
41 40 -2.4687698446430124
140 40 -0.24514471197395082
40 41 -2.4687698446430124
41 41 5.3942402832426515
42 41 -2.4409467307556834
141 41 -0.24226185392197763
41 42 -2.4409467307556834
42 42 5.3361913745516736
43 42 -2.4159361504783377
142 42 -0.23965424665882609
42 43 -2.4159361504783377
43 43 5.2843683938407491
44 43 -2.3937795873388898
143 43 -0.23732632801176146
43 44 -2.3937795873388898
44 44 5.2388553893119223
45 44 -2.3745120647313853
144 44 -0.23528186862082395
44 45 -2.3745120647313853
45 45 5.1997228317353583
46 45 -2.3581627076684373
145 45 -0.23352402966776806
45 46 -2.3581627076684373
46 46 5.1670287890975848
47 46 -2.3447552500184883
146 46 -0.23205541570532973
46 47 -2.3447552500184883
47 47 5.1408199718896794
48 47 -2.3343084785378125
147 47 -0.23087812166668895
47 48 -2.3343084785378125
48 48 5.1211326313637944
49 48 -2.326836606303639
148 48 -0.22999377326117124
48 49 -2.326836606303639
49 49 5.1079932959636967
50 49 -2.3223495694769616
149 49 -0.22940356009154766
49 50 -2.3223495694769616
50 50 5.1014193340582636
51 50 -2.3208532426619923
150 50 -0.2291082609596547
50 51 -2.3208532426619923
51 51 5.1014193340582636
52 51 -2.3223495694769616
151 51 -0.2291082609596547
51 52 -2.3223495694769616
52 52 5.1079932959636967
53 52 -2.326836606303639
152 52 -0.22940356009154766
52 53 -2.326836606303639
53 53 5.1211326313637944
54 53 -2.3343084785378125
153 53 -0.22999377326117124
53 54 -2.3343084785378125
54 54 5.1408199718896785
55 54 -2.3447552500184883
154 54 -0.23087812166668895
54 55 -2.3447552500184883
55 55 5.1670287890975848
56 55 -2.3581627076684373
155 55 -0.23205541570532967
55 56 -2.3581627076684373
56 56 5.1997228317353583
57 56 -2.3745120647313853
156 56 -0.23352402966776806
56 57 -2.3745120647313853
57 57 5.2388553893119223
58 57 -2.3937795873388898
157 57 -0.23528186862082395
57 58 -2.3937795873388898
58 58 5.2843683938407491
59 58 -2.4159361504783377
158 58 -0.23732632801176143
58 59 -2.4159361504783368
59 59 5.3361913745516736
60 59 -2.4409467307556834
159 59 -0.23965424665882609
59 60 -2.4409467307556834
60 60 5.3942402832426506
61 60 -2.468769844643012
160 60 -0.24226185392197758
60 61 -2.468769844643012
61 61 5.4584162107499541
62 61 -2.4993569421590416
161 61 -0.24514471197395074
61 62 -2.4993569421590416
62 62 5.5286040177201858
63 62 -2.5326517671343418
162 62 -0.24829765421340139
62 63 -2.5326517671343418
63 63 5.6046709054321902
64 63 -2.5685896963433668
163 63 -0.25171472097724101
63 64 -2.5685896963433668
64 64 5.6864649547962856
65 64 -2.6070970708203065
164 64 -0.2553890938163062
64 65 -2.6070970708203056
65 65 5.7738136638009427
66 65 -2.6480905335907501
165 65 -0.25931302969494258
65 66 -2.6480905335907505
66 66 5.86652251552756
67 66 -2.6914763888200106
166 66 -0.26347779655839965
66 67 -2.6914763888200106
67 67 5.9643736103528484
68 67 -2.7371499979739076
167 67 -0.26787361177946561
67 68 -2.7371499979739076
68 68 6.0671243970450481
69 68 -2.78499522898157
168 68 -0.27248958504478571
68 69 -2.78499522898157
69 69 6.1745065380748851
70 69 -2.8348839745550927
169 69 -0.27731366726911122
69 70 -2.8348839745550927
70 70 6.2862249445476825
71 70 -2.8866757557330973
170 70 -0.28233260712974617
70 71 -2.8866757557330973
71 71 6.4019570156680343
72 71 -2.940217426352183
171 71 -0.2875319167913773
71 72 -2.940217426352183
72 72 6.5213521165290889
73 72 -2.9953429934942921
172 72 -0.29289584834130689
72 73 -2.9953429934942921
73 73 6.6440313262414463
74 73 -3.0518735679964046
173 73 -0.29840738237537462
73 74 -3.0518735679964055
74 74 6.7695874859608116
75 74 -3.1096174578352813
174 74 -0.30404823006456266
74 75 -3.1096174578352813
75 75 6.8975855732322797
76 75 -3.1683704156146644
175 75 -0.30979884989116713
75 76 -3.1683704156146644
76 76 7.0275634252517722
77 76 -3.2279160494933774
176 76 -0.31563848007186429
76 77 -3.2279160494933801
77 77 7.1590328291781136
78 77 -3.2880264047162981
177 77 -0.32154518748421923
77 78 -3.2880264047162981
78 78 7.2914809925568482
79 78 -3.3484627204702702
178 78 -0.32749593368514007
78 79 -3.3484627204702702
79 79 7.4243724013012118
80 79 -3.4089763641163771
179 79 -0.33346665835728206
79 80 -3.4089763641163771
80 80 7.5571510665969281
81 80 -3.4693099419884512
180 80 -0.3394323802460501
80 81 -3.4693099419884512
81 81 7.689243155651309
82 81 -3.5291985829429966
181 81 -0.3453673153599307
81 82 -3.5291985829429966
82 82 7.8200599945055336
83 82 -3.5883713877516037
182 82 -0.35124501190546509
82 83 -3.5883713877516064
83 83 7.9490014242957345
84 83 -3.6465530343025527
183 83 -0.35703850112078894
83 84 -3.6465530343025527
84 84 8.0754594855181754
85 84 -3.703465525486823
184 84 -0.36272046286440007
84 85 -3.703465525486823
85 85 8.1988223981679536
86 85 -3.7588300636510921
185 85 -0.36826340451501943
85 86 -3.7588300636510921
86 86 8.3184787992251366
87 86 -3.8123690326727342
186 86 -0.37363985145065476
86 87 -3.8123690326727342
87 87 8.4338221930019852
88 87 -3.863808066115678
187 87 -0.37882254710678531
87 88 -3.8638080661156793
88 88 8.5442555644826879
89 88 -3.9128781776242487
188 88 -0.3837846603713807
88 89 -3.9128781776242487
89 89 8.6491961011167469
90 89 -3.9593179277639408
189 89 -0.38849999786427913
89 90 -3.9593179277639408
90 90 8.7480799646921827
91 90 -4.0028755999765808
190 90 -0.39294321847583008
90 91 -4.0028755999765826
91 91 8.8403670520235753
92 91 -4.0433113572279185
191 91 -0.39709004740953835
91 92 -4.0433113572279185
92 92 8.9255456813324212
93 92 -4.0803993503249387
192 92 -0.40091748688978229
92 93 -4.0803993503249387
93 93 9.0031371404428953
94 93 -4.1139297487946918
193 93 -0.40440402066163245
93 94 -4.1139297487946918
94 94 9.0727000333105732
95 94 -4.1437106656609872
194 94 -0.40752980942744699
94 95 -4.1437106656609872
95 95 9.1338343629653913
96 95 -4.1695699484340603
195 95 -0.41027687443517163
95 96 -4.1695699484340603
96 96 9.1861852916780222
97 96 -4.1913568101321452
196 96 -0.41262926655590698
96 97 -4.191356810132147
97 97 9.2294465230181366
98 97 -4.2089432761623007
197 97 -0.41457321836184602
97 98 -4.2089432761623007
98 98 9.2633632554054834
99 98 -4.2222254253681522
198 98 -0.41609727693751569
98 99 -4.2222254253681522
99 99 9.2877346626758772
100 99 -4.2311244064605829
199 99 -0.41719241542357233
99 100 -4.2311244064605829
100 100 9.3024158639871217
200 100 -0.41785212159839885
1 101 -0.41785212159839885
101 101 9.3024158639871217
102 101 -4.2311244064605829
201 101 -0.41785212159839885
2 102 -0.41719241542357233
101 102 -4.2311244064605829
102 102 9.2877346626758772
103 102 -4.2222254253681522
202 102 -0.41719241542357233
3 103 -0.41609727693751569
102 103 -4.2222254253681522
103 103 9.2633632554054834
104 103 -4.2089432761623007
203 103 -0.41609727693751569
4 104 -0.41457321836184602
103 104 -4.2089432761623007
104 104 9.2294465230181366
105 104 -4.1913568101321452
204 104 -0.41457321836184602
5 105 -0.41262926655590687
104 105 -4.1913568101321452
105 105 9.1861852916780187
106 105 -4.1695699484340603
205 105 -0.41262926655590687
6 106 -0.41027687443517163
105 106 -4.1695699484340603
106 106 9.1338343629653913
107 106 -4.1437106656609872
206 106 -0.41027687443517163
7 107 -0.40752980942744699
106 107 -4.1437106656609872
107 107 9.0727000333105732
108 107 -4.1139297487946918
207 107 -0.40752980942744699
8 108 -0.40440402066163245
107 108 -4.1139297487946918
108 108 9.0031371404428953
109 108 -4.0803993503249387
208 108 -0.40440402066163245
9 109 -0.40091748688978229
108 109 -4.0803993503249387
109 109 8.9255456813324212
110 109 -4.0433113572279185
209 109 -0.40091748688978229
10 110 -0.3970900474095384
109 110 -4.0433113572279185
110 110 8.8403670520235771
111 110 -4.0028755999765826
210 110 -0.3970900474095384
11 111 -0.39294321847583008
110 111 -4.0028755999765826
111 111 8.7480799646921827
112 111 -3.9593179277639408
211 111 -0.39294321847583008
12 112 -0.38849999786427913
111 112 -3.9593179277639408
112 112 8.6491961011167469
113 112 -3.9128781776242487
212 112 -0.38849999786427913
13 113 -0.38378466037138076
112 113 -3.9128781776242487
113 113 8.5442555644826896
114 113 -3.8638080661156793
213 113 -0.38378466037138076
14 114 -0.37882254710678542
113 114 -3.8638080661156793
114 114 8.4338221930019852
115 114 -3.8123690326727351
214 114 -0.37882254710678542
15 115 -0.37363985145065493
114 115 -3.8123690326727351
115 115 8.3184787992251383
116 115 -3.7588300636510934
215 115 -0.37363985145065493
16 116 -0.36826340451501949
115 116 -3.7588300636510934
116 116 8.1988223981679553
117 116 -3.703465525486823
216 116 -0.36826340451501949
17 117 -0.36272046286440007
116 117 -3.703465525486823
117 117 8.0754594855181772
118 117 -3.6465530343025536
217 117 -0.36272046286440007
18 118 -0.35703850112078911
117 118 -3.6465530343025536
118 118 7.9490014242957381
119 118 -3.5883713877516064
218 118 -0.35703850112078911
19 119 -0.35124501190546509
118 119 -3.5883713877516064
119 119 7.8200599945055336
120 119 -3.5291985829429966
219 119 -0.35124501190546509
20 120 -0.3453673153599307
119 120 -3.5291985829429966
120 120 7.689243155651309
121 120 -3.4693099419884512
220 120 -0.3453673153599307
21 121 -0.3394323802460501
120 121 -3.4693099419884512
121 121 7.5571510665969281
122 121 -3.4089763641163771
221 121 -0.3394323802460501
22 122 -0.33346665835728206
121 122 -3.4089763641163771
122 122 7.4243724013012109
123 122 -3.3484627204702702
222 122 -0.33346665835728206
23 123 -0.32749593368514007
122 123 -3.3484627204702702
123 123 7.29148099255685
124 123 -3.2880264047162999
223 123 -0.32749593368514007
24 124 -0.32154518748421951
123 124 -3.2880264047162999
124 124 7.1590328291781189
125 124 -3.2279160494933801
224 124 -0.32154518748421951
25 125 -0.31563848007186429
124 125 -3.2279160494933801
125 125 7.0275634252517722
126 125 -3.1683704156146644
225 125 -0.31563848007186429
26 126 -0.30979884989116713
125 126 -3.1683704156146644
126 126 6.8975855732322797
127 126 -3.1096174578352827
226 126 -0.30979884989116713
27 127 -0.30404823006456289
126 127 -3.1096174578352818
127 127 6.7695874859608143
128 127 -3.0518735679964055
227 127 -0.30404823006456289
28 128 -0.29840738237537467
127 128 -3.0518735679964055
128 128 6.6440313262414463
129 128 -2.9953429934942921
228 128 -0.29840738237537467
29 129 -0.29289584834130689
128 129 -2.9953429934942921
129 129 6.5213521165290889
130 129 -2.940217426352183
229 129 -0.29289584834130689
30 130 -0.2875319167913773
129 130 -2.940217426352183
130 130 6.4019570156680361
131 130 -2.8866757557330982
230 130 -0.2875319167913773
31 131 -0.28233260712974634
130 131 -2.8866757557330982
131 131 6.2862249445476843
132 131 -2.8348839745550936
231 131 -0.28233260712974634
32 132 -0.27731366726911122
131 132 -2.8348839745550936
132 132 6.1745065380748869
133 132 -2.7849952289815705
232 132 -0.27731366726911122
33 133 -0.27248958504478576
132 133 -2.7849952289815705
133 133 6.067124397045049
134 133 -2.7371499979739076
233 133 -0.27248958504478576
34 134 -0.26787361177946561
133 134 -2.7371499979739076
134 134 5.9643736103528484
135 134 -2.6914763888200106
234 134 -0.26787361177946561
35 135 -0.26347779655839965
134 135 -2.6914763888200106
135 135 5.86652251552756
136 135 -2.6480905335907505
235 135 -0.26347779655839965
36 136 -0.25931302969494258
135 136 -2.6480905335907505
136 136 5.7738136638009427
137 136 -2.6070970708203065
236 136 -0.25931302969494258
37 137 -0.25538909381630631
136 137 -2.6070970708203065
137 137 5.6864649547962873
138 137 -2.5685896963433672
237 137 -0.25538909381630631
38 138 -0.25171472097724101
137 138 -2.5685896963433681
138 138 5.6046709054321919
139 138 -2.5326517671343418
238 138 -0.25171472097724101
39 139 -0.24829765421340147
138 139 -2.5326517671343418
139 139 5.5286040177201885
140 139 -2.4993569421590425
239 139 -0.24829765421340147
40 140 -0.24514471197395082
139 140 -2.4993569421590425
140 140 5.4584162107499559
141 140 -2.4687698446430124
240 140 -0.24514471197395082
41 141 -0.24226185392197763
140 141 -2.4687698446430124
141 141 5.3942402832426515
142 141 -2.4409467307556834
241 141 -0.24226185392197763
42 142 -0.23965424665882609
141 142 -2.4409467307556834
142 142 5.3361913745516736
143 142 -2.4159361504783377
242 142 -0.23965424665882609
43 143 -0.23732632801176146
142 143 -2.4159361504783377
143 143 5.2843683938407491
144 143 -2.3937795873388898
243 143 -0.23732632801176146
44 144 -0.23528186862082395
143 144 -2.3937795873388898
144 144 5.2388553893119223
145 144 -2.3745120647313853
244 144 -0.23528186862082395
45 145 -0.23352402966776806
144 145 -2.3745120647313853
145 145 5.1997228317353583
146 145 -2.3581627076684373
245 145 -0.23352402966776806
46 146 -0.23205541570532973
145 146 -2.3581627076684373
146 146 5.1670287890975848
147 146 -2.3447552500184883
246 146 -0.23205541570532973
47 147 -0.23087812166668895
146 147 -2.3447552500184883
147 147 5.1408199718896794
148 147 -2.3343084785378125
247 147 -0.23087812166668895
48 148 -0.22999377326117124
147 148 -2.3343084785378125
148 148 5.1211326313637944
149 148 -2.326836606303639
248 148 -0.22999377326117124
49 149 -0.22940356009154766
148 149 -2.326836606303639
149 149 5.1079932959636967
150 149 -2.3223495694769616
249 149 -0.22940356009154766
50 150 -0.2291082609596547
149 150 -2.3223495694769616
150 150 5.1014193340582636
151 150 -2.3208532426619923
250 150 -0.2291082609596547
51 151 -0.2291082609596547
150 151 -2.3208532426619923
151 151 5.1014193340582636
152 151 -2.3223495694769616
251 151 -0.2291082609596547
52 152 -0.22940356009154766
151 152 -2.3223495694769616
152 152 5.1079932959636967
153 152 -2.326836606303639
252 152 -0.22940356009154766
53 153 -0.22999377326117124
152 153 -2.326836606303639
153 153 5.1211326313637944
154 153 -2.3343084785378125
253 153 -0.22999377326117124
54 154 -0.23087812166668895
153 154 -2.3343084785378125
154 154 5.1408199718896785
155 154 -2.3447552500184883
254 154 -0.23087812166668895
55 155 -0.23205541570532967
154 155 -2.3447552500184883
155 155 5.1670287890975848
156 155 -2.3581627076684373
255 155 -0.23205541570532967
56 156 -0.23352402966776806
155 156 -2.3581627076684373
156 156 5.1997228317353583
157 156 -2.3745120647313853
256 156 -0.23352402966776806
57 157 -0.23528186862082395
156 157 -2.3745120647313853
157 157 5.2388553893119223
158 157 -2.3937795873388898
257 157 -0.23528186862082395
58 158 -0.23732632801176143
157 158 -2.3937795873388898
158 158 5.2843683938407491
159 158 -2.4159361504783377
258 158 -0.23732632801176143
59 159 -0.23965424665882609
158 159 -2.4159361504783368
159 159 5.3361913745516736
160 159 -2.4409467307556834
259 159 -0.23965424665882609
60 160 -0.24226185392197758
159 160 -2.4409467307556834
160 160 5.3942402832426506
161 160 -2.468769844643012
260 160 -0.24226185392197758
61 161 -0.24514471197395074
160 161 -2.468769844643012
161 161 5.4584162107499541
162 161 -2.4993569421590416
261 161 -0.24514471197395074
62 162 -0.24829765421340139
161 162 -2.4993569421590416
162 162 5.5286040177201858
163 162 -2.5326517671343418
262 162 -0.24829765421340139
63 163 -0.25171472097724101
162 163 -2.5326517671343418
163 163 5.6046709054321902
164 163 -2.5685896963433668
263 163 -0.25171472097724101
64 164 -0.2553890938163062
163 164 -2.5685896963433668
164 164 5.6864649547962856
165 164 -2.6070970708203065
264 164 -0.2553890938163062
65 165 -0.25931302969494258
164 165 -2.6070970708203056
165 165 5.7738136638009427
166 165 -2.6480905335907501
265 165 -0.25931302969494258
66 166 -0.26347779655839965
165 166 -2.6480905335907505
166 166 5.86652251552756
167 166 -2.6914763888200106
266 166 -0.26347779655839965
67 167 -0.26787361177946561
166 167 -2.6914763888200106
167 167 5.9643736103528484
168 167 -2.7371499979739076
267 167 -0.26787361177946561
68 168 -0.27248958504478571
167 168 -2.7371499979739076
168 168 6.0671243970450481
169 168 -2.78499522898157
268 168 -0.27248958504478571
69 169 -0.27731366726911122
168 169 -2.78499522898157
169 169 6.1745065380748851
170 169 -2.8348839745550927
269 169 -0.27731366726911122
70 170 -0.28233260712974617
169 170 -2.8348839745550927
170 170 6.2862249445476825
171 170 -2.8866757557330973
270 170 -0.28233260712974617
71 171 -0.2875319167913773
170 171 -2.8866757557330973
171 171 6.4019570156680343
172 171 -2.940217426352183
271 171 -0.2875319167913773
72 172 -0.29289584834130689
171 172 -2.940217426352183
172 172 6.5213521165290889
173 172 -2.9953429934942921
272 172 -0.29289584834130689
73 173 -0.29840738237537462
172 173 -2.9953429934942921
173 173 6.6440313262414463
174 173 -3.0518735679964046
273 173 -0.29840738237537462
74 174 -0.30404823006456266
173 174 -3.0518735679964055
174 174 6.7695874859608116
175 174 -3.1096174578352813
274 174 -0.30404823006456266
75 175 -0.30979884989116713
174 175 -3.1096174578352813
175 175 6.8975855732322797
176 175 -3.1683704156146644
275 175 -0.30979884989116713
76 176 -0.31563848007186429
175 176 -3.1683704156146644
176 176 7.0275634252517722
177 176 -3.2279160494933774
276 176 -0.31563848007186429
77 177 -0.32154518748421923
176 177 -3.2279160494933801
177 177 7.1590328291781136
178 177 -3.2880264047162981
277 177 -0.32154518748421923
78 178 -0.32749593368514007
177 178 -3.2880264047162981
178 178 7.2914809925568482
179 178 -3.3484627204702702
278 178 -0.32749593368514007
79 179 -0.33346665835728206
178 179 -3.3484627204702702
179 179 7.4243724013012118
180 179 -3.4089763641163771
279 179 -0.33346665835728206
80 180 -0.3394323802460501
179 180 -3.4089763641163771
180 180 7.5571510665969281
181 180 -3.4693099419884512
280 180 -0.3394323802460501
81 181 -0.3453673153599307
180 181 -3.4693099419884512
181 181 7.689243155651309
182 181 -3.5291985829429966
281 181 -0.3453673153599307
82 182 -0.35124501190546509
181 182 -3.5291985829429966
182 182 7.8200599945055336
183 182 -3.5883713877516037
282 182 -0.35124501190546509
83 183 -0.35703850112078894
182 183 -3.5883713877516064
183 183 7.9490014242957345
184 183 -3.6465530343025527
283 183 -0.35703850112078894
84 184 -0.36272046286440007
183 184 -3.6465530343025527
184 184 8.0754594855181754
185 184 -3.703465525486823
284 184 -0.36272046286440007
85 185 -0.36826340451501943
184 185 -3.703465525486823
185 185 8.1988223981679536
186 185 -3.7588300636510921
285 185 -0.36826340451501943
86 186 -0.37363985145065476
185 186 -3.7588300636510921
186 186 8.3184787992251366
187 186 -3.8123690326727342
286 186 -0.37363985145065476
87 187 -0.37882254710678531
186 187 -3.8123690326727342
187 187 8.4338221930019852
188 187 -3.863808066115678
287 187 -0.37882254710678531
88 188 -0.3837846603713807
187 188 -3.8638080661156793
188 188 8.5442555644826879
189 188 -3.9128781776242487
288 188 -0.3837846603713807
89 189 -0.38849999786427913
188 189 -3.9128781776242487
189 189 8.6491961011167469
190 189 -3.9593179277639408
289 189 -0.38849999786427913
90 190 -0.39294321847583008
189 190 -3.9593179277639408
190 190 8.7480799646921827
191 190 -4.0028755999765808
290 190 -0.39294321847583008
91 191 -0.39709004740953835
190 191 -4.0028755999765826
191 191 8.8403670520235753
192 191 -4.0433113572279185
291 191 -0.39709004740953835
92 192 -0.40091748688978229
191 192 -4.0433113572279185
192 192 8.9255456813324212
193 192 -4.0803993503249387
292 192 -0.40091748688978229
93 193 -0.40440402066163245
192 193 -4.0803993503249387
193 193 9.0031371404428953
194 193 -4.1139297487946918
293 193 -0.40440402066163245
94 194 -0.40752980942744699
193 194 -4.1139297487946918
194 194 9.0727000333105732
195 194 -4.1437106656609872
294 194 -0.40752980942744699
95 195 -0.41027687443517163
194 195 -4.1437106656609872
195 195 9.1338343629653913
196 195 -4.1695699484340603
295 195 -0.41027687443517163
96 196 -0.41262926655590698
195 196 -4.1695699484340603
196 196 9.1861852916780222
197 196 -4.1913568101321452
296 196 -0.41262926655590698
97 197 -0.41457321836184602
196 197 -4.191356810132147
197 197 9.2294465230181366
198 197 -4.2089432761623007
297 197 -0.41457321836184602
98 198 -0.41609727693751569
197 198 -4.2089432761623007
198 198 9.2633632554054834
199 198 -4.2222254253681522
298 198 -0.41609727693751569
99 199 -0.41719241542357233
198 199 -4.2222254253681522
199 199 9.2877346626758772
200 199 -4.2311244064605829
299 199 -0.41719241542357233
100 200 -0.41785212159839885
199 200 -4.2311244064605829
200 200 9.3024158639871217
300 200 -0.41785212159839885
101 201 -0.41785212159839885
201 201 9.3024158639871217
202 201 -4.2311244064605829
301 201 -0.41785212159839885
102 202 -0.41719241542357233
201 202 -4.2311244064605829
202 202 9.2877346626758772
203 202 -4.2222254253681522
302 202 -0.41719241542357233
103 203 -0.41609727693751569
202 203 -4.2222254253681522
203 203 9.2633632554054834
204 203 -4.2089432761623007
303 203 -0.41609727693751569
104 204 -0.41457321836184602
203 204 -4.2089432761623007
204 204 9.2294465230181366
205 204 -4.1913568101321452
304 204 -0.41457321836184602
105 205 -0.41262926655590687
204 205 -4.1913568101321452
205 205 9.1861852916780187
206 205 -4.1695699484340603
305 205 -0.41262926655590687
106 206 -0.41027687443517163
205 206 -4.1695699484340603
206 206 9.1338343629653913
207 206 -4.1437106656609872
306 206 -0.41027687443517163
107 207 -0.40752980942744699
206 207 -4.1437106656609872
207 207 9.0727000333105732
208 207 -4.1139297487946918
307 207 -0.40752980942744699
108 208 -0.40440402066163245
207 208 -4.1139297487946918
208 208 9.0031371404428953
209 208 -4.0803993503249387
308 208 -0.40440402066163245
109 209 -0.40091748688978229
208 209 -4.0803993503249387
209 209 8.9255456813324212
210 209 -4.0433113572279185
309 209 -0.40091748688978229
110 210 -0.3970900474095384
209 210 -4.0433113572279185
210 210 8.8403670520235771
211 210 -4.0028755999765826
310 210 -0.3970900474095384
111 211 -0.39294321847583008
210 211 -4.0028755999765826
211 211 8.7480799646921827
212 211 -3.9593179277639408
311 211 -0.39294321847583008
112 212 -0.38849999786427913
211 212 -3.9593179277639408
212 212 8.6491961011167469
213 212 -3.9128781776242487
312 212 -0.38849999786427913
113 213 -0.38378466037138076
212 213 -3.9128781776242487
213 213 8.5442555644826896
214 213 -3.8638080661156793
313 213 -0.38378466037138076
114 214 -0.37882254710678542
213 214 -3.8638080661156793
214 214 8.4338221930019852
215 214 -3.8123690326727351
314 214 -0.37882254710678542
115 215 -0.37363985145065493
214 215 -3.8123690326727351
215 215 8.3184787992251383
216 215 -3.7588300636510934
315 215 -0.37363985145065493
116 216 -0.36826340451501949
215 216 -3.7588300636510934
216 216 8.1988223981679553
217 216 -3.703465525486823
316 216 -0.36826340451501949
117 217 -0.36272046286440007
216 217 -3.703465525486823
217 217 8.0754594855181772
218 217 -3.6465530343025536
317 217 -0.36272046286440007
118 218 -0.35703850112078911
217 218 -3.6465530343025536
218 218 7.9490014242957381
219 218 -3.5883713877516064
318 218 -0.35703850112078911
119 219 -0.35124501190546509
218 219 -3.5883713877516064
219 219 7.8200599945055336
220 219 -3.5291985829429966
319 219 -0.35124501190546509
120 220 -0.3453673153599307
219 220 -3.5291985829429966
220 220 7.689243155651309
221 220 -3.4693099419884512
320 220 -0.3453673153599307
121 221 -0.3394323802460501
220 221 -3.4693099419884512
221 221 7.5571510665969281
222 221 -3.4089763641163771
321 221 -0.3394323802460501
122 222 -0.33346665835728206
221 222 -3.4089763641163771
222 222 7.4243724013012109
223 222 -3.3484627204702702
322 222 -0.33346665835728206
123 223 -0.32749593368514007
222 223 -3.3484627204702702
223 223 7.29148099255685
224 223 -3.2880264047162999
323 223 -0.32749593368514007
124 224 -0.32154518748421951
223 224 -3.2880264047162999
224 224 7.1590328291781189
225 224 -3.2279160494933801
324 224 -0.32154518748421951
125 225 -0.31563848007186429
224 225 -3.2279160494933801
225 225 7.0275634252517722
226 225 -3.1683704156146644
325 225 -0.31563848007186429
126 226 -0.30979884989116713
225 226 -3.1683704156146644
226 226 6.8975855732322797
227 226 -3.1096174578352827
326 226 -0.30979884989116713
127 227 -0.30404823006456289
226 227 -3.1096174578352818
227 227 6.7695874859608143
228 227 -3.0518735679964055
327 227 -0.30404823006456289
128 228 -0.29840738237537467
227 228 -3.0518735679964055
228 228 6.6440313262414463
229 228 -2.9953429934942921
328 228 -0.29840738237537467
129 229 -0.29289584834130689
228 229 -2.9953429934942921
229 229 6.5213521165290889
230 229 -2.940217426352183
329 229 -0.29289584834130689
130 230 -0.2875319167913773
229 230 -2.940217426352183
230 230 6.4019570156680361
231 230 -2.8866757557330982
330 230 -0.2875319167913773
131 231 -0.28233260712974634
230 231 -2.8866757557330982
231 231 6.2862249445476843
232 231 -2.8348839745550936
331 231 -0.28233260712974634
132 232 -0.27731366726911122
231 232 -2.8348839745550936
232 232 6.1745065380748869
233 232 -2.7849952289815705
332 232 -0.27731366726911122
133 233 -0.27248958504478576
232 233 -2.7849952289815705
233 233 6.067124397045049
234 233 -2.7371499979739076
333 233 -0.27248958504478576
134 234 -0.26787361177946561
233 234 -2.7371499979739076
234 234 5.9643736103528484
235 234 -2.6914763888200106
334 234 -0.26787361177946561
135 235 -0.26347779655839965
234 235 -2.6914763888200106
235 235 5.86652251552756
236 235 -2.6480905335907505
335 235 -0.26347779655839965
136 236 -0.25931302969494258
235 236 -2.6480905335907505
236 236 5.7738136638009427
237 236 -2.6070970708203065
336 236 -0.25931302969494258
137 237 -0.25538909381630631
236 237 -2.6070970708203065
237 237 5.6864649547962873
238 237 -2.5685896963433672
337 237 -0.25538909381630631
138 238 -0.25171472097724101
237 238 -2.5685896963433681
238 238 5.6046709054321919
239 238 -2.5326517671343418
338 238 -0.25171472097724101
139 239 -0.24829765421340147
238 239 -2.5326517671343418
239 239 5.5286040177201885
240 239 -2.4993569421590425
339 239 -0.24829765421340147
140 240 -0.24514471197395082
239 240 -2.4993569421590425
240 240 5.4584162107499559
241 240 -2.4687698446430124
340 240 -0.24514471197395082
141 241 -0.24226185392197763
240 241 -2.4687698446430124
241 241 5.3942402832426515
242 241 -2.4409467307556834
341 241 -0.24226185392197763
142 242 -0.23965424665882609
241 242 -2.4409467307556834
242 242 5.3361913745516736
243 242 -2.4159361504783377
342 242 -0.23965424665882609
143 243 -0.23732632801176146
242 243 -2.4159361504783377
243 243 5.2843683938407491
244 243 -2.3937795873388898
343 243 -0.23732632801176146
144 244 -0.23528186862082395
243 244 -2.3937795873388898
244 244 5.2388553893119223
245 244 -2.3745120647313853
344 244 -0.23528186862082395
145 245 -0.23352402966776806
244 245 -2.3745120647313853
245 245 5.1997228317353583
246 245 -2.3581627076684373
345 245 -0.23352402966776806
146 246 -0.23205541570532973
245 246 -2.3581627076684373
246 246 5.1670287890975848
247 246 -2.3447552500184883
346 246 -0.23205541570532973
147 247 -0.23087812166668895
246 247 -2.3447552500184883
247 247 5.1408199718896794
248 247 -2.3343084785378125
347 247 -0.23087812166668895
148 248 -0.22999377326117124
247 248 -2.3343084785378125
248 248 5.1211326313637944
249 248 -2.326836606303639
348 248 -0.22999377326117124
149 249 -0.22940356009154766
248 249 -2.326836606303639
249 249 5.1079932959636967
250 249 -2.3223495694769616
349 249 -0.22940356009154766
150 250 -0.2291082609596547
249 250 -2.3223495694769616
250 250 5.1014193340582636
251 250 -2.3208532426619923
350 250 -0.2291082609596547
151 251 -0.2291082609596547
250 251 -2.3208532426619923
251 251 5.1014193340582636
252 251 -2.3223495694769616
351 251 -0.2291082609596547
152 252 -0.22940356009154766
251 252 -2.3223495694769616
252 252 5.1079932959636967
253 252 -2.326836606303639
352 252 -0.22940356009154766
153 253 -0.22999377326117124
252 253 -2.326836606303639
253 253 5.1211326313637944
254 253 -2.3343084785378125
353 253 -0.22999377326117124
154 254 -0.23087812166668895
253 254 -2.3343084785378125
254 254 5.1408199718896785
255 254 -2.3447552500184883
354 254 -0.23087812166668895
155 255 -0.23205541570532967
254 255 -2.3447552500184883
255 255 5.1670287890975848
256 255 -2.3581627076684373
355 255 -0.23205541570532967
156 256 -0.23352402966776806
255 256 -2.3581627076684373
256 256 5.1997228317353583
257 256 -2.3745120647313853
356 256 -0.23352402966776806
157 257 -0.23528186862082395
256 257 -2.3745120647313853
257 257 5.2388553893119223
258 257 -2.3937795873388898
357 257 -0.23528186862082395
158 258 -0.23732632801176143
257 258 -2.3937795873388898
258 258 5.2843683938407491
259 258 -2.4159361504783377
358 258 -0.23732632801176143
159 259 -0.23965424665882609
258 259 -2.4159361504783368
259 259 5.3361913745516736
260 259 -2.4409467307556834
359 259 -0.23965424665882609
160 260 -0.24226185392197758
259 260 -2.4409467307556834
260 260 5.3942402832426506
261 260 -2.468769844643012
360 260 -0.24226185392197758
161 261 -0.24514471197395074
260 261 -2.468769844643012
261 261 5.4584162107499541
262 261 -2.4993569421590416
361 261 -0.24514471197395074
162 262 -0.24829765421340139
261 262 -2.4993569421590416
262 262 5.5286040177201858
263 262 -2.5326517671343418
362 262 -0.24829765421340139
163 263 -0.25171472097724101
262 263 -2.5326517671343418
263 263 5.6046709054321902
264 263 -2.5685896963433668
363 263 -0.25171472097724101
164 264 -0.2553890938163062
263 264 -2.5685896963433668
264 264 5.6864649547962856
265 264 -2.6070970708203065
364 264 -0.2553890938163062
165 265 -0.25931302969494258
264 265 -2.6070970708203056
265 265 5.7738136638009427
266 265 -2.6480905335907501
365 265 -0.25931302969494258
166 266 -0.26347779655839965
265 266 -2.6480905335907505
266 266 5.86652251552756
267 266 -2.6914763888200106
366 266 -0.26347779655839965
167 267 -0.26787361177946561
266 267 -2.6914763888200106
267 267 5.9643736103528484
268 267 -2.7371499979739076
367 267 -0.26787361177946561
168 268 -0.27248958504478571
267 268 -2.7371499979739076
268 268 6.0671243970450481
269 268 -2.78499522898157
368 268 -0.27248958504478571
169 269 -0.27731366726911122
268 269 -2.78499522898157
269 269 6.1745065380748851
270 269 -2.8348839745550927
369 269 -0.27731366726911122
170 270 -0.28233260712974617
269 270 -2.8348839745550927
270 270 6.2862249445476825
271 270 -2.8866757557330973
370 270 -0.28233260712974617
171 271 -0.2875319167913773
270 271 -2.8866757557330973
271 271 6.4019570156680343
272 271 -2.940217426352183
371 271 -0.2875319167913773
172 272 -0.29289584834130689
271 272 -2.940217426352183
272 272 6.5213521165290889
273 272 -2.9953429934942921
372 272 -0.29289584834130689
173 273 -0.29840738237537462
272 273 -2.9953429934942921
273 273 6.6440313262414463
274 273 -3.0518735679964046
373 273 -0.29840738237537462
174 274 -0.30404823006456266
273 274 -3.0518735679964055
274 274 6.7695874859608116
275 274 -3.1096174578352813
374 274 -0.30404823006456266
175 275 -0.30979884989116713
274 275 -3.1096174578352813
275 275 6.8975855732322797
276 275 -3.1683704156146644
375 275 -0.30979884989116713
176 276 -0.31563848007186429
275 276 -3.1683704156146644
276 276 7.0275634252517722
277 276 -3.2279160494933774
376 276 -0.31563848007186429
177 277 -0.32154518748421923
276 277 -3.2279160494933801
277 277 7.1590328291781136
278 277 -3.2880264047162981
377 277 -0.32154518748421923
178 278 -0.32749593368514007
277 278 -3.2880264047162981
278 278 7.2914809925568482
279 278 -3.3484627204702702
378 278 -0.32749593368514007
179 279 -0.33346665835728206
278 279 -3.3484627204702702
279 279 7.4243724013012118
280 279 -3.4089763641163771
379 279 -0.33346665835728206
180 280 -0.3394323802460501
279 280 -3.4089763641163771
280 280 7.5571510665969281
281 280 -3.4693099419884512
380 280 -0.3394323802460501
181 281 -0.3453673153599307
280 281 -3.4693099419884512
281 281 7.689243155651309
282 281 -3.5291985829429966
381 281 -0.3453673153599307
182 282 -0.35124501190546509
281 282 -3.5291985829429966
282 282 7.8200599945055336
283 282 -3.5883713877516037
382 282 -0.35124501190546509
183 283 -0.35703850112078894
282 283 -3.5883713877516064
283 283 7.9490014242957345
284 283 -3.6465530343025527
383 283 -0.35703850112078894
184 284 -0.36272046286440007
283 284 -3.6465530343025527
284 284 8.0754594855181754
285 284 -3.703465525486823
384 284 -0.36272046286440007
185 285 -0.36826340451501943
284 285 -3.703465525486823
285 285 8.1988223981679536
286 285 -3.7588300636510921
385 285 -0.36826340451501943
186 286 -0.37363985145065476
285 286 -3.7588300636510921
286 286 8.3184787992251366
287 286 -3.8123690326727342
386 286 -0.37363985145065476
187 287 -0.37882254710678531
286 287 -3.8123690326727342
287 287 8.4338221930019852
288 287 -3.863808066115678
387 287 -0.37882254710678531
188 288 -0.3837846603713807
287 288 -3.8638080661156793
288 288 8.5442555644826879
289 288 -3.9128781776242487
388 288 -0.3837846603713807
189 289 -0.38849999786427913
288 289 -3.9128781776242487
289 289 8.6491961011167469
290 289 -3.9593179277639408
389 289 -0.38849999786427913
190 290 -0.39294321847583008
289 290 -3.9593179277639408
290 290 8.7480799646921827
291 290 -4.0028755999765808
390 290 -0.39294321847583008
191 291 -0.39709004740953835
290 291 -4.0028755999765826
291 291 8.8403670520235753
292 291 -4.0433113572279185
391 291 -0.39709004740953835
192 292 -0.40091748688978229
291 292 -4.0433113572279185
292 292 8.9255456813324212
293 292 -4.0803993503249387
392 292 -0.40091748688978229
193 293 -0.40440402066163245
292 293 -4.0803993503249387
293 293 9.0031371404428953
294 293 -4.1139297487946918
393 293 -0.40440402066163245
194 294 -0.40752980942744699
293 294 -4.1139297487946918
294 294 9.0727000333105732
295 294 -4.1437106656609872
394 294 -0.40752980942744699
195 295 -0.41027687443517163
294 295 -4.1437106656609872
295 295 9.1338343629653913
296 295 -4.1695699484340603
395 295 -0.41027687443517163
196 296 -0.41262926655590698
295 296 -4.1695699484340603
296 296 9.1861852916780222
297 296 -4.1913568101321452
396 296 -0.41262926655590698
197 297 -0.41457321836184602
296 297 -4.191356810132147
297 297 9.2294465230181366
298 297 -4.2089432761623007
397 297 -0.41457321836184602
198 298 -0.41609727693751569
297 298 -4.2089432761623007
298 298 9.2633632554054834
299 298 -4.2222254253681522
398 298 -0.41609727693751569
199 299 -0.41719241542357233
298 299 -4.2222254253681522
299 299 9.2877346626758772
300 299 -4.2311244064605829
399 299 -0.41719241542357233
200 300 -0.41785212159839885
299 300 -4.2311244064605829
300 300 9.3024158639871217
400 300 -0.41785212159839885
201 301 -0.41785212159839885
301 301 9.3024158639871217
302 301 -4.2311244064605829
401 301 -0.41785212159839885
202 302 -0.41719241542357233
301 302 -4.2311244064605829
302 302 9.2877346626758772
303 302 -4.2222254253681522
402 302 -0.41719241542357233
203 303 -0.41609727693751569
302 303 -4.2222254253681522
303 303 9.2633632554054834
304 303 -4.2089432761623007
403 303 -0.41609727693751569
204 304 -0.41457321836184602
303 304 -4.2089432761623007
304 304 9.2294465230181366
305 304 -4.1913568101321452
404 304 -0.41457321836184602
205 305 -0.41262926655590687
304 305 -4.1913568101321452
305 305 9.1861852916780187
306 305 -4.1695699484340603
405 305 -0.41262926655590687
206 306 -0.41027687443517163
305 306 -4.1695699484340603
306 306 9.1338343629653913
307 306 -4.1437106656609872
406 306 -0.41027687443517163
207 307 -0.40752980942744699
306 307 -4.1437106656609872
307 307 9.0727000333105732
308 307 -4.1139297487946918
407 307 -0.40752980942744699
208 308 -0.40440402066163245
307 308 -4.1139297487946918
308 308 9.0031371404428953
309 308 -4.0803993503249387
408 308 -0.40440402066163245
209 309 -0.40091748688978229
308 309 -4.0803993503249387
309 309 8.9255456813324212
310 309 -4.0433113572279185
409 309 -0.40091748688978229
210 310 -0.3970900474095384
309 310 -4.0433113572279185
310 310 8.8403670520235771
311 310 -4.0028755999765826
410 310 -0.3970900474095384
211 311 -0.39294321847583008
310 311 -4.0028755999765826
311 311 8.7480799646921827
312 311 -3.9593179277639408
411 311 -0.39294321847583008
212 312 -0.38849999786427913
